-50000.000
-47777.778
-45555.556
-43333.333
-41111.111
-38888.889
-36666.667
-34444.444
-32222.222
-30000.000
-27777.778
-25555.556
-23333.333
-21111.111
-18888.889
-16666.667
-14444.444
-12222.222
-10000.000
-7777.778
-5555.556
-3333.333
-1111.111
1111.111
3333.333
5555.556
7777.778
10000.000
12222.222
14444.444
16666.667
18888.889
21111.111
23333.333
25555.556
27777.778
30000.000
32222.222
34444.444
36666.667
38888.889
41111.111
43333.333
45555.556
47777.778
50000.000
52222.222
54444.444
56666.667
58888.889
61111.111
63333.333
65555.556
67777.778
70000.000
72222.222
74444.444
76666.667
78888.889
81111.111
83333.333
85555.556
87777.778
90000.000
92222.222
94444.444
96666.667
98888.889
101111.111
103333.333
105555.556
107777.778
110000.000
112222.222
114444.444
116666.667
118888.889
121111.111
123333.333
125555.556
127777.778
130000.000
132222.222
134444.444
136666.667
138888.889
141111.111
143333.333
145555.556
147777.778
150000.000
152222.222
154444.444
156666.667
158888.889
161111.111
163333.333
165555.556
167777.778
170000.000
