-500000.000
-394736.842
-289473.684
-184210.526
-78947.368
26315.789
131578.947
236842.105
342105.263
447368.421
552631.579
657894.737
763157.895
868421.053
973684.211
1078947.368
1184210.526
1289473.684
1394736.842
1500000.000
-500000.000
-394736.842
-289473.684
-184210.526
-78947.368
26315.789
131578.947
236842.105
342105.263
447368.421
552631.579
657894.737
763157.895
868421.053
973684.211
1078947.368
1184210.526
1289473.684
1394736.842
1500000.000
-500000.000
-394736.842
-289473.684
-184210.526
-78947.368
26315.789
131578.947
236842.105
342105.263
447368.421
552631.579
657894.737
763157.895
868421.053
973684.211
1078947.368
1184210.526
1289473.684
1394736.842
1500000.000
-500000.000
-394736.842
-289473.684
-184210.526
-78947.368
26315.789
131578.947
236842.105
342105.263
447368.421
552631.579
657894.737
763157.895
868421.053
973684.211
1078947.368
1184210.526
1289473.684
1394736.842
1500000.000
-500000.000
-394736.842
-289473.684
-184210.526
-78947.368
26315.789
131578.947
236842.105
342105.263
447368.421
552631.579
657894.737
763157.895
868421.053
973684.211
1078947.368
1184210.526
1289473.684
1394736.842
1500000.000
-500000.000
-394736.842
-289473.684
-184210.526
-78947.368
26315.789
131578.947
236842.105
342105.263
447368.421
552631.579
657894.737
763157.895
868421.053
973684.211
1078947.368
1184210.526
1289473.684
1394736.842
1500000.000
-500000.000
-394736.842
-289473.684
-184210.526
-78947.368
26315.789
131578.947
236842.105
342105.263
447368.421
552631.579
657894.737
763157.895
868421.053
973684.211
1078947.368
1184210.526
1289473.684
1394736.842
1500000.000
-500000.000
-394736.842
-289473.684
-184210.526
-78947.368
26315.789
131578.947
236842.105
342105.263
447368.421
552631.579
657894.737
763157.895
868421.053
973684.211
1078947.368
1184210.526
1289473.684
1394736.842
1500000.000
-500000.000
-394736.842
-289473.684
-184210.526
-78947.368
26315.789
131578.947
236842.105
342105.263
447368.421
552631.579
657894.737
763157.895
868421.053
973684.211
1078947.368
1184210.526
1289473.684
1394736.842
1500000.000
-500000.000
-394736.842
-289473.684
-184210.526
-78947.368
26315.789
131578.947
236842.105
342105.263
447368.421
552631.579
657894.737
763157.895
868421.053
973684.211
1078947.368
1184210.526
1289473.684
1394736.842
1500000.000
