30.000
30.000
30.000
30.000
30.000
30.000
30.000
30.000
30.000
30.000
30.000
30.000
30.000
30.000
30.000
30.000
30.000
30.000
30.000
30.000
31.579
31.579
31.579
31.579
31.579
31.579
31.579
31.579
31.579
31.579
31.579
31.579
31.579
31.579
31.579
31.579
31.579
31.579
31.579
31.579
33.158
33.158
33.158
33.158
33.158
33.158
33.158
33.158
33.158
33.158
33.158
33.158
33.158
33.158
33.158
33.158
33.158
33.158
33.158
33.158
34.737
34.737
34.737
34.737
34.737
34.737
34.737
34.737
34.737
34.737
34.737
34.737
34.737
34.737
34.737
34.737
34.737
34.737
34.737
34.737
36.316
36.316
36.316
36.316
36.316
36.316
36.316
36.316
36.316
36.316
36.316
36.316
36.316
36.316
36.316
36.316
36.316
36.316
36.316
36.316
37.895
37.895
37.895
37.895
37.895
37.895
37.895
37.895
37.895
37.895
37.895
37.895
37.895
37.895
37.895
37.895
37.895
37.895
37.895
37.895
39.474
39.474
39.474
39.474
39.474
39.474
39.474
39.474
39.474
39.474
39.474
39.474
39.474
39.474
39.474
39.474
39.474
39.474
39.474
39.474
41.053
41.053
41.053
41.053
41.053
41.053
41.053
41.053
41.053
41.053
41.053
41.053
41.053
41.053
41.053
41.053
41.053
41.053
41.053
41.053
42.632
42.632
42.632
42.632
42.632
42.632
42.632
42.632
42.632
42.632
42.632
42.632
42.632
42.632
42.632
42.632
42.632
42.632
42.632
42.632
44.211
44.211
44.211
44.211
44.211
44.211
44.211
44.211
44.211
44.211
44.211
44.211
44.211
44.211
44.211
44.211
44.211
44.211
44.211
44.211
45.789
45.789
45.789
45.789
45.789
45.789
45.789
45.789
45.789
45.789
45.789
45.789
45.789
45.789
45.789
45.789
45.789
45.789
45.789
45.789
47.368
47.368
47.368
47.368
47.368
47.368
47.368
47.368
47.368
47.368
47.368
47.368
47.368
47.368
47.368
47.368
47.368
47.368
47.368
47.368
48.947
48.947
48.947
48.947
48.947
48.947
48.947
48.947
48.947
48.947
48.947
48.947
48.947
48.947
48.947
48.947
48.947
48.947
48.947
48.947
50.526
50.526
50.526
50.526
50.526
50.526
50.526
50.526
50.526
50.526
50.526
50.526
50.526
50.526
50.526
50.526
50.526
50.526
50.526
50.526
52.105
52.105
52.105
52.105
52.105
52.105
52.105
52.105
52.105
52.105
52.105
52.105
52.105
52.105
52.105
52.105
52.105
52.105
52.105
52.105
53.684
53.684
53.684
53.684
53.684
53.684
53.684
53.684
53.684
53.684
53.684
53.684
53.684
53.684
53.684
53.684
53.684
53.684
53.684
53.684
55.263
55.263
55.263
55.263
55.263
55.263
55.263
55.263
55.263
55.263
55.263
55.263
55.263
55.263
55.263
55.263
55.263
55.263
55.263
55.263
56.842
56.842
56.842
56.842
56.842
56.842
56.842
56.842
56.842
56.842
56.842
56.842
56.842
56.842
56.842
56.842
56.842
56.842
56.842
56.842
58.421
58.421
58.421
58.421
58.421
58.421
58.421
58.421
58.421
58.421
58.421
58.421
58.421
58.421
58.421
58.421
58.421
58.421
58.421
58.421
60.000
60.000
60.000
60.000
60.000
60.000
60.000
60.000
60.000
60.000
60.000
60.000
60.000
60.000
60.000
60.000
60.000
60.000
60.000
60.000
