-500000.000
-500000.000
-500000.000
-500000.000
-500000.000
-500000.000
-500000.000
-500000.000
-500000.000
-500000.000
-500000.000
-500000.000
-500000.000
-500000.000
-500000.000
-500000.000
-500000.000
-500000.000
-500000.000
-500000.000
-277777.778
-277777.778
-277777.778
-277777.778
-277777.778
-277777.778
-277777.778
-277777.778
-277777.778
-277777.778
-277777.778
-277777.778
-277777.778
-277777.778
-277777.778
-277777.778
-277777.778
-277777.778
-277777.778
-277777.778
-55555.556
-55555.556
-55555.556
-55555.556
-55555.556
-55555.556
-55555.556
-55555.556
-55555.556
-55555.556
-55555.556
-55555.556
-55555.556
-55555.556
-55555.556
-55555.556
-55555.556
-55555.556
-55555.556
-55555.556
166666.667
166666.667
166666.667
166666.667
166666.667
166666.667
166666.667
166666.667
166666.667
166666.667
166666.667
166666.667
166666.667
166666.667
166666.667
166666.667
166666.667
166666.667
166666.667
166666.667
388888.889
388888.889
388888.889
388888.889
388888.889
388888.889
388888.889
388888.889
388888.889
388888.889
388888.889
388888.889
388888.889
388888.889
388888.889
388888.889
388888.889
388888.889
388888.889
388888.889
611111.111
611111.111
611111.111
611111.111
611111.111
611111.111
611111.111
611111.111
611111.111
611111.111
611111.111
611111.111
611111.111
611111.111
611111.111
611111.111
611111.111
611111.111
611111.111
611111.111
833333.333
833333.333
833333.333
833333.333
833333.333
833333.333
833333.333
833333.333
833333.333
833333.333
833333.333
833333.333
833333.333
833333.333
833333.333
833333.333
833333.333
833333.333
833333.333
833333.333
1055555.556
1055555.556
1055555.556
1055555.556
1055555.556
1055555.556
1055555.556
1055555.556
1055555.556
1055555.556
1055555.556
1055555.556
1055555.556
1055555.556
1055555.556
1055555.556
1055555.556
1055555.556
1055555.556
1055555.556
1277777.778
1277777.778
1277777.778
1277777.778
1277777.778
1277777.778
1277777.778
1277777.778
1277777.778
1277777.778
1277777.778
1277777.778
1277777.778
1277777.778
1277777.778
1277777.778
1277777.778
1277777.778
1277777.778
1277777.778
1500000.000
1500000.000
1500000.000
1500000.000
1500000.000
1500000.000
1500000.000
1500000.000
1500000.000
1500000.000
1500000.000
1500000.000
1500000.000
1500000.000
1500000.000
1500000.000
1500000.000
1500000.000
1500000.000
1500000.000
