70.000
70.789
71.579
72.368
73.158
73.947
74.737
75.526
76.316
77.105
77.895
78.684
79.474
80.263
81.053
81.842
82.632
83.421
84.211
85.000
70.000
70.789
71.579
72.368
73.158
73.947
74.737
75.526
76.316
77.105
77.895
78.684
79.474
80.263
81.053
81.842
82.632
83.421
84.211
85.000
70.000
70.789
71.579
72.368
73.158
73.947
74.737
75.526
76.316
77.105
77.895
78.684
79.474
80.263
81.053
81.842
82.632
83.421
84.211
85.000
70.000
70.789
71.579
72.368
73.158
73.947
74.737
75.526
76.316
77.105
77.895
78.684
79.474
80.263
81.053
81.842
82.632
83.421
84.211
85.000
70.000
70.789
71.579
72.368
73.158
73.947
74.737
75.526
76.316
77.105
77.895
78.684
79.474
80.263
81.053
81.842
82.632
83.421
84.211
85.000
70.000
70.789
71.579
72.368
73.158
73.947
74.737
75.526
76.316
77.105
77.895
78.684
79.474
80.263
81.053
81.842
82.632
83.421
84.211
85.000
70.000
70.789
71.579
72.368
73.158
73.947
74.737
75.526
76.316
77.105
77.895
78.684
79.474
80.263
81.053
81.842
82.632
83.421
84.211
85.000
70.000
70.789
71.579
72.368
73.158
73.947
74.737
75.526
76.316
77.105
77.895
78.684
79.474
80.263
81.053
81.842
82.632
83.421
84.211
85.000
70.000
70.789
71.579
72.368
73.158
73.947
74.737
75.526
76.316
77.105
77.895
78.684
79.474
80.263
81.053
81.842
82.632
83.421
84.211
85.000
70.000
70.789
71.579
72.368
73.158
73.947
74.737
75.526
76.316
77.105
77.895
78.684
79.474
80.263
81.053
81.842
82.632
83.421
84.211
85.000
70.000
70.789
71.579
72.368
73.158
73.947
74.737
75.526
76.316
77.105
77.895
78.684
79.474
80.263
81.053
81.842
82.632
83.421
84.211
85.000
70.000
70.789
71.579
72.368
73.158
73.947
74.737
75.526
76.316
77.105
77.895
78.684
79.474
80.263
81.053
81.842
82.632
83.421
84.211
85.000
70.000
70.789
71.579
72.368
73.158
73.947
74.737
75.526
76.316
77.105
77.895
78.684
79.474
80.263
81.053
81.842
82.632
83.421
84.211
85.000
70.000
70.789
71.579
72.368
73.158
73.947
74.737
75.526
76.316
77.105
77.895
78.684
79.474
80.263
81.053
81.842
82.632
83.421
84.211
85.000
70.000
70.789
71.579
72.368
73.158
73.947
74.737
75.526
76.316
77.105
77.895
78.684
79.474
80.263
81.053
81.842
82.632
83.421
84.211
85.000
70.000
70.789
71.579
72.368
73.158
73.947
74.737
75.526
76.316
77.105
77.895
78.684
79.474
80.263
81.053
81.842
82.632
83.421
84.211
85.000
70.000
70.789
71.579
72.368
73.158
73.947
74.737
75.526
76.316
77.105
77.895
78.684
79.474
80.263
81.053
81.842
82.632
83.421
84.211
85.000
70.000
70.789
71.579
72.368
73.158
73.947
74.737
75.526
76.316
77.105
77.895
78.684
79.474
80.263
81.053
81.842
82.632
83.421
84.211
85.000
70.000
70.789
71.579
72.368
73.158
73.947
74.737
75.526
76.316
77.105
77.895
78.684
79.474
80.263
81.053
81.842
82.632
83.421
84.211
85.000
70.000
70.789
71.579
72.368
73.158
73.947
74.737
75.526
76.316
77.105
77.895
78.684
79.474
80.263
81.053
81.842
82.632
83.421
84.211
85.000
