59222 57224 55132 52953 50698 48379 46009 43605 41182 38759 36355 33992 31690 29470 27355 25364 23520 21841 20345 19049 17969 17115 16498 16124 16000 16124 16498 17115 17969 19049 20345 21841 23520 25364 27355 29470 31690 33992 36355 38759 41182 43605 46009 48379 50698 52953 55132 57224 59222 59222 59222 57224 55132 52953 50698 48379 46009 43605 41182 38759 36355 33992 31690 29470 27355 25364 23520 21841 20345 19049 17969 17115 16498 16124 16000 16124 16498 17115 17969 19049 20345 21841 23520 25364 27355 29470 31690 33992 36355 38759 41182 43605 46009 48379 50698 52953 55132 57224
57224 57224 55132 52953 50698 48379 46009 43605 41182 38759 36355 33992 31690 29470 27355 25364 23520 21841 20345 19049 17969 17115 16498 16124 16000 16124 16498 17115 17969 19049 20345 21841 23520 25364 27355 29470 31690 33992 36355 38759 41182 43605 46009 48379 50698 52953 55132 57224 57224 57224 57224 57224 55132 52953 50698 48379 46009 43605 41182 38759 36355 33992 31690 29470 27355 25364 23520 21841 20345 19049 17969 17115 16498 16124 16000 16124 16498 17115 17969 19049 20345 21841 23520 25364 27355 29470 31690 33992 36355 38759 41182 43605 46009 48379 50698 52953 55132 57224
55132 55132 55132 52953 50698 48379 46009 43605 41182 38759 36355 33992 31690 29470 27355 25364 23520 21841 20345 19049 17969 17115 16498 16124 16000 16124 16498 17115 17969 19049 20345 21841 23520 25364 27355 29470 31690 33992 36355 38759 41182 43605 46009 48379 50698 52953 55132 55132 55132 55132 55132 55132 55132 52953 50698 48379 46009 43605 41182 38759 36355 33992 31690 29470 27355 25364 23520 21841 20345 19049 17969 17115 16498 16124 16000 16124 16498 17115 17969 19049 20345 21841 23520 25364 27355 29470 31690 33992 36355 38759 41182 43605 46009 48379 50698 52953 55132 55132
52953 52953 52953 52953 50698 48379 46009 43605 41182 38759 36355 33992 31690 29470 27355 25364 23520 21841 20345 19049 17969 17115 16498 16124 16000 16124 16498 17115 17969 19049 20345 21841 23520 25364 27355 29470 31690 33992 36355 38759 41182 43605 46009 48379 50698 52953 52953 52953 52953 52953 52953 52953 52953 52953 50698 48379 46009 43605 41182 38759 36355 33992 31690 29470 27355 25364 23520 21841 20345 19049 17969 17115 16498 16124 16000 16124 16498 17115 17969 19049 20345 21841 23520 25364 27355 29470 31690 33992 36355 38759 41182 43605 46009 48379 50698 52953 52953 52953
50698 50698 50698 50698 50698 48379 46009 43605 41182 38759 36355 33992 31690 29470 27355 25364 23520 21841 20345 19049 17969 17115 16498 16124 16000 16124 16498 17115 17969 19049 20345 21841 23520 25364 27355 29470 31690 33992 36355 38759 41182 43605 46009 48379 50698 50698 50698 50698 50698 50698 50698 50698 50698 50698 50698 48379 46009 43605 41182 38759 36355 33992 31690 29470 27355 25364 23520 21841 20345 19049 17969 17115 16498 16124 16000 16124 16498 17115 17969 19049 20345 21841 23520 25364 27355 29470 31690 33992 36355 38759 41182 43605 46009 48379 50698 50698 50698 50698
48379 48379 48379 48379 48379 48379 46009 43605 41182 38759 36355 33992 31690 29470 27355 25364 23520 21841 20345 19049 17969 17115 16498 16124 16000 16124 16498 17115 17969 19049 20345 21841 23520 25364 27355 29470 31690 33992 36355 38759 41182 43605 46009 48379 48379 48379 48379 48379 48379 48379 48379 48379 48379 48379 48379 48379 46009 43605 41182 38759 36355 33992 31690 29470 27355 25364 23520 21841 20345 19049 17969 17115 16498 16124 16000 16124 16498 17115 17969 19049 20345 21841 23520 25364 27355 29470 31690 33992 36355 38759 41182 43605 46009 48379 48379 48379 48379 48379
46009 46009 46009 46009 46009 46009 46009 43605 41182 38759 36355 33992 31690 29470 27355 25364 23520 21841 20345 19049 17969 17115 16498 16124 16000 16124 16498 17115 17969 19049 20345 21841 23520 25364 27355 29470 31690 33992 36355 38759 41182 43605 46009 46009 46009 46009 46009 46009 46009 46009 46009 46009 46009 46009 46009 46009 46009 43605 41182 38759 36355 33992 31690 29470 27355 25364 23520 21841 20345 19049 17969 17115 16498 16124 16000 16124 16498 17115 17969 19049 20345 21841 23520 25364 27355 29470 31690 33992 36355 38759 41182 43605 46009 46009 46009 46009 46009 46009
43605 43605 43605 43605 43605 43605 43605 43605 41182 38759 36355 33992 31690 29470 27355 25364 23520 21841 20345 19049 17969 17115 16498 16124 16000 16124 16498 17115 17969 19049 20345 21841 23520 25364 27355 29470 31690 33992 36355 38759 41182 43605 43605 43605 43605 43605 43605 43605 43605 43605 43605 43605 43605 43605 43605 43605 43605 43605 41182 38759 36355 33992 31690 29470 27355 25364 23520 21841 20345 19049 17969 17115 16498 16124 16000 16124 16498 17115 17969 19049 20345 21841 23520 25364 27355 29470 31690 33992 36355 38759 41182 43605 43605 43605 43605 43605 43605 43605
41182 41182 41182 41182 41182 41182 41182 41182 41182 38759 36355 33992 31690 29470 27355 25364 23520 21841 20345 19049 17969 17115 16498 16124 16000 16124 16498 17115 17969 19049 20345 21841 23520 25364 27355 29470 31690 33992 36355 38759 41182 41182 41182 41182 41182 41182 41182 41182 41182 41182 41182 41182 41182 41182 41182 41182 41182 41182 41182 38759 36355 33992 31690 29470 27355 25364 23520 21841 20345 19049 17969 17115 16498 16124 16000 16124 16498 17115 17969 19049 20345 21841 23520 25364 27355 29470 31690 33992 36355 38759 41182 41182 41182 41182 41182 41182 41182 41182
38759 38759 38759 38759 38759 38759 38759 38759 38759 38759 36355 33992 31690 29470 27355 25364 23520 21841 20345 19049 17969 17115 16498 16124 16000 16124 16498 17115 17969 19049 20345 21841 23520 25364 27355 29470 31690 33992 36355 38759 38759 38759 38759 38759 38759 38759 38759 38759 38759 38759 38759 38759 38759 38759 38759 38759 38759 38759 38759 38759 36355 33992 31690 29470 27355 25364 23520 21841 20345 19049 17969 17115 16498 16124 16000 16124 16498 17115 17969 19049 20345 21841 23520 25364 27355 29470 31690 33992 36355 38759 38759 38759 38759 38759 38759 38759 38759 38759
36355 36355 36355 36355 36355 36355 36355 36355 36355 36355 36355 33992 31690 29470 27355 25364 23520 21841 20345 19049 17969 17115 16498 16124 16000 16124 16498 17115 17969 19049 20345 21841 23520 25364 27355 29470 31690 33992 36355 36355 36355 36355 36355 36355 36355 36355 36355 36355 36355 36355 36355 36355 36355 36355 36355 36355 36355 36355 36355 36355 36355 33992 31690 29470 27355 25364 23520 21841 20345 19049 17969 17115 16498 16124 16000 16124 16498 17115 17969 19049 20345 21841 23520 25364 27355 29470 31690 33992 36355 36355 36355 36355 36355 36355 36355 36355 36355 36355
33992 33992 33992 33992 33992 33992 33992 33992 33992 33992 33992 33992 31690 29470 27355 25364 23520 21841 20345 19049 17969 17115 16498 16124 16000 16124 16498 17115 17969 19049 20345 21841 23520 25364 27355 29470 31690 33992 33992 33992 33992 33992 33992 33992 33992 33992 33992 33992 33992 33992 33992 33992 33992 33992 33992 33992 33992 33992 33992 33992 33992 33992 31690 29470 27355 25364 23520 21841 20345 19049 17969 17115 16498 16124 16000 16124 16498 17115 17969 19049 20345 21841 23520 25364 27355 29470 31690 33992 33992 33992 33992 33992 33992 33992 33992 33992 33992 33992
31690 31690 31690 31690 31690 31690 31690 31690 31690 31690 31690 31690 31690 29470 27355 25364 23520 21841 20345 19049 17969 17115 16498 16124 16000 16124 16498 17115 17969 19049 20345 21841 23520 25364 27355 29470 31690 31690 31690 31690 31690 31690 31690 31690 31690 31690 31690 31690 31690 31690 31690 31690 31690 31690 31690 31690 31690 31690 31690 31690 31690 31690 31690 29470 27355 25364 23520 21841 20345 19049 17969 17115 16498 16124 16000 16124 16498 17115 17969 19049 20345 21841 23520 25364 27355 29470 31690 31690 31690 31690 31690 31690 31690 31690 31690 31690 31690 31690
29470 29470 29470 29470 29470 29470 29470 29470 29470 29470 29470 29470 29470 29470 27355 25364 23520 21841 20345 19049 17969 17115 16498 16124 16000 16124 16498 17115 17969 19049 20345 21841 23520 25364 27355 29470 29470 29470 29470 29470 29470 29470 29470 29470 29470 29470 29470 29470 29470 29470 29470 29470 29470 29470 29470 29470 29470 29470 29470 29470 29470 29470 29470 29470 27355 25364 23520 21841 20345 19049 17969 17115 16498 16124 16000 16124 16498 17115 17969 19049 20345 21841 23520 25364 27355 29470 29470 29470 29470 29470 29470 29470 29470 29470 29470 29470 29470 29470
27355 27355 27355 27355 27355 27355 27355 27355 27355 27355 27355 27355 27355 27355 27355 25364 23520 21841 20345 19049 17969 17115 16498 16124 16000 16124 16498 17115 17969 19049 20345 21841 23520 25364 27355 27355 27355 27355 27355 27355 27355 27355 27355 27355 27355 27355 27355 27355 27355 27355 27355 27355 27355 27355 27355 27355 27355 27355 27355 27355 27355 27355 27355 27355 27355 25364 23520 21841 20345 19049 17969 17115 16498 16124 16000 16124 16498 17115 17969 19049 20345 21841 23520 25364 27355 27355 27355 27355 27355 27355 27355 27355 27355 27355 27355 27355 27355 27355
25364 25364 25364 25364 25364 25364 25364 25364 25364 25364 25364 25364 25364 25364 25364 25364 23520 21841 20345 19049 17969 17115 16498 16124 16000 16124 16498 17115 17969 19049 20345 21841 23520 25364 25364 25364 25364 25364 25364 25364 25364 25364 25364 25364 25364 25364 25364 25364 25364 25364 25364 25364 25364 25364 25364 25364 25364 25364 25364 25364 25364 25364 25364 25364 25364 25364 23520 21841 20345 19049 17969 17115 16498 16124 16000 16124 16498 17115 17969 19049 20345 21841 23520 25364 25364 25364 25364 25364 25364 25364 25364 25364 25364 25364 25364 25364 25364 25364
23520 23520 23520 23520 23520 23520 23520 23520 23520 23520 23520 23520 23520 23520 23520 23520 23520 21841 20345 19049 17969 17115 16498 16124 16000 16124 16498 17115 17969 19049 20345 21841 23520 23520 23520 23520 23520 23520 23520 23520 23520 23520 23520 23520 23520 23520 23520 23520 23520 23520 23520 23520 23520 23520 23520 23520 23520 23520 23520 23520 23520 23520 23520 23520 23520 23520 23520 21841 20345 19049 17969 17115 16498 16124 16000 16124 16498 17115 17969 19049 20345 21841 23520 23520 23520 23520 23520 23520 23520 23520 23520 23520 23520 23520 23520 23520 23520 23520
21841 21841 21841 21841 21841 21841 21841 21841 21841 21841 21841 21841 21841 21841 21841 21841 21841 21841 20345 19049 17969 17115 16498 16124 16000 16124 16498 17115 17969 19049 20345 21841 21841 21841 21841 21841 21841 21841 21841 21841 21841 21841 21841 21841 21841 21841 21841 21841 21841 21841 21841 21841 21841 21841 21841 21841 21841 21841 21841 21841 21841 21841 21841 21841 21841 21841 21841 21841 20345 19049 17969 17115 16498 16124 16000 16124 16498 17115 17969 19049 20345 21841 21841 21841 21841 21841 21841 21841 21841 21841 21841 21841 21841 21841 21841 21841 21841 21841
20345 20345 20345 20345 20345 20345 20345 20345 20345 20345 20345 20345 20345 20345 20345 20345 20345 20345 20345 19049 17969 17115 16498 16124 16000 16124 16498 17115 17969 19049 20345 20345 20345 20345 20345 20345 20345 20345 20345 20345 20345 20345 20345 20345 20345 20345 20345 20345 20345 20345 20345 20345 20345 20345 20345 20345 20345 20345 20345 20345 20345 20345 20345 20345 20345 20345 20345 20345 20345 19049 17969 17115 16498 16124 16000 16124 16498 17115 17969 19049 20345 20345 20345 20345 20345 20345 20345 20345 20345 20345 20345 20345 20345 20345 20345 20345 20345 20345
19049 19049 19049 19049 19049 19049 19049 19049 19049 19049 19049 19049 19049 19049 19049 19049 19049 19049 19049 19049 17969 17115 16498 16124 16000 16124 16498 17115 17969 19049 19049 19049 19049 19049 19049 19049 19049 19049 19049 19049 19049 19049 19049 19049 19049 19049 19049 19049 19049 19049 19049 19049 19049 19049 19049 19049 19049 19049 19049 19049 19049 19049 19049 19049 19049 19049 19049 19049 19049 19049 17969 17115 16498 16124 16000 16124 16498 17115 17969 19049 19049 19049 19049 19049 19049 19049 19049 19049 19049 19049 19049 19049 19049 19049 19049 19049 19049 19049
17969 17969 17969 17969 17969 17969 17969 17969 17969 17969 17969 17969 17969 17969 17969 17969 17969 17969 17969 17969 17969 17115 16498 16124 16000 16124 16498 17115 17969 17969 17969 17969 17969 17969 17969 17969 17969 17969 17969 17969 17969 17969 17969 17969 17969 17969 17969 17969 17969 17969 17969 17969 17969 17969 17969 17969 17969 17969 17969 17969 17969 17969 17969 17969 17969 17969 17969 17969 17969 17969 17969 17115 16498 16124 16000 16124 16498 17115 17969 17969 17969 17969 17969 17969 17969 17969 17969 17969 17969 17969 17969 17969 17969 17969 17969 17969 17969 17969
17115 17115 17115 17115 17115 17115 17115 17115 17115 17115 17115 17115 17115 17115 17115 17115 17115 17115 17115 17115 17115 17115 16498 16124 16000 16124 16498 17115 17115 17115 17115 17115 17115 17115 17115 17115 17115 17115 17115 17115 17115 17115 17115 17115 17115 17115 17115 17115 17115 17115 17115 17115 17115 17115 17115 17115 17115 17115 17115 17115 17115 17115 17115 17115 17115 17115 17115 17115 17115 17115 17115 17115 16498 16124 16000 16124 16498 17115 17115 17115 17115 17115 17115 17115 17115 17115 17115 17115 17115 17115 17115 17115 17115 17115 17115 17115 17115 17115
16498 16498 16498 16498 16498 16498 16498 16498 16498 16498 16498 16498 16498 16498 16498 16498 16498 16498 16498 16498 16498 16498 16498 16124 16000 16124 16498 16498 16498 16498 16498 16498 16498 16498 16498 16498 16498 16498 16498 16498 16498 16498 16498 16498 16498 16498 16498 16498 16498 16498 16498 16498 16498 16498 16498 16498 16498 16498 16498 16498 16498 16498 16498 16498 16498 16498 16498 16498 16498 16498 16498 16498 16498 16124 16000 16124 16498 16498 16498 16498 16498 16498 16498 16498 16498 16498 16498 16498 16498 16498 16498 16498 16498 16498 16498 16498 16498 16498
16124 16124 16124 16124 16124 16124 16124 16124 16124 16124 16124 16124 16124 16124 16124 16124 16124 16124 16124 16124 16124 16124 16124 16124 16000 16124 16124 16124 16124 16124 16124 16124 16124 16124 16124 16124 16124 16124 16124 16124 16124 16124 16124 16124 16124 16124 16124 16124 16124 16124 16124 16124 16124 16124 16124 16124 16124 16124 16124 16124 16124 16124 16124 16124 16124 16124 16124 16124 16124 16124 16124 16124 16124 16124 16000 16124 16124 16124 16124 16124 16124 16124 16124 16124 16124 16124 16124 16124 16124 16124 16124 16124 16124 16124 16124 16124 16124 16124
16000 16000 16000 16000 16000 16000 16000 16000 16000 16000 16000 16000 16000 16000 16000 16000 16000 16000 16000 16000 16000 16000 16000 16000 16000 16000 16000 16000 16000 16000 16000 16000 16000 16000 16000 16000 16000 16000 16000 16000 16000 16000 16000 16000 16000 16000 16000 16000 16000 16000 16000 16000 16000 16000 16000 16000 16000 16000 16000 16000 16000 16000 16000 16000 16000 16000 16000 16000 16000 16000 16000 16000 16000 16000 16000 16000 16000 16000 16000 16000 16000 16000 16000 16000 16000 16000 16000 16000 16000 16000 16000 16000 16000 16000 16000 16000 16000 16000
16124 16124 16124 16124 16124 16124 16124 16124 16124 16124 16124 16124 16124 16124 16124 16124 16124 16124 16124 16124 16124 16124 16124 16124 16000 16124 16124 16124 16124 16124 16124 16124 16124 16124 16124 16124 16124 16124 16124 16124 16124 16124 16124 16124 16124 16124 16124 16124 16124 16124 16124 16124 16124 16124 16124 16124 16124 16124 16124 16124 16124 16124 16124 16124 16124 16124 16124 16124 16124 16124 16124 16124 16124 16124 16000 16124 16124 16124 16124 16124 16124 16124 16124 16124 16124 16124 16124 16124 16124 16124 16124 16124 16124 16124 16124 16124 16124 16124
16498 16498 16498 16498 16498 16498 16498 16498 16498 16498 16498 16498 16498 16498 16498 16498 16498 16498 16498 16498 16498 16498 16498 16124 16000 16124 16498 16498 16498 16498 16498 16498 16498 16498 16498 16498 16498 16498 16498 16498 16498 16498 16498 16498 16498 16498 16498 16498 16498 16498 16498 16498 16498 16498 16498 16498 16498 16498 16498 16498 16498 16498 16498 16498 16498 16498 16498 16498 16498 16498 16498 16498 16498 16124 16000 16124 16498 16498 16498 16498 16498 16498 16498 16498 16498 16498 16498 16498 16498 16498 16498 16498 16498 16498 16498 16498 16498 16498
17115 17115 17115 17115 17115 17115 17115 17115 17115 17115 17115 17115 17115 17115 17115 17115 17115 17115 17115 17115 17115 17115 16498 16124 16000 16124 16498 17115 17115 17115 17115 17115 17115 17115 17115 17115 17115 17115 17115 17115 17115 17115 17115 17115 17115 17115 17115 17115 17115 17115 17115 17115 17115 17115 17115 17115 17115 17115 17115 17115 17115 17115 17115 17115 17115 17115 17115 17115 17115 17115 17115 17115 16498 16124 16000 16124 16498 17115 17115 17115 17115 17115 17115 17115 17115 17115 17115 17115 17115 17115 17115 17115 17115 17115 17115 17115 17115 17115
17969 17969 17969 17969 17969 17969 17969 17969 17969 17969 17969 17969 17969 17969 17969 17969 17969 17969 17969 17969 17969 17115 16498 16124 16000 16124 16498 17115 17969 17969 17969 17969 17969 17969 17969 17969 17969 17969 17969 17969 17969 17969 17969 17969 17969 17969 17969 17969 17969 17969 17969 17969 17969 17969 17969 17969 17969 17969 17969 17969 17969 17969 17969 17969 17969 17969 17969 17969 17969 17969 17969 17115 16498 16124 16000 16124 16498 17115 17969 17969 17969 17969 17969 17969 17969 17969 17969 17969 17969 17969 17969 17969 17969 17969 17969 17969 17969 17969
19049 19049 19049 19049 19049 19049 19049 19049 19049 19049 19049 19049 19049 19049 19049 19049 19049 19049 19049 19049 17969 17115 16498 16124 16000 16124 16498 17115 17969 19049 19049 19049 19049 19049 19049 19049 19049 19049 19049 19049 19049 19049 19049 19049 19049 19049 19049 19049 19049 19049 19049 19049 19049 19049 19049 19049 19049 19049 19049 19049 19049 19049 19049 19049 19049 19049 19049 19049 19049 19049 17969 17115 16498 16124 16000 16124 16498 17115 17969 19049 19049 19049 19049 19049 19049 19049 19049 19049 19049 19049 19049 19049 19049 19049 19049 19049 19049 19049
20345 20345 20345 20345 20345 20345 20345 20345 20345 20345 20345 20345 20345 20345 20345 20345 20345 20345 20345 19049 17969 17115 16498 16124 16000 16124 16498 17115 17969 19049 20345 20345 20345 20345 20345 20345 20345 20345 20345 20345 20345 20345 20345 20345 20345 20345 20345 20345 20345 20345 20345 20345 20345 20345 20345 20345 20345 20345 20345 20345 20345 20345 20345 20345 20345 20345 20345 20345 20345 19049 17969 17115 16498 16124 16000 16124 16498 17115 17969 19049 20345 20345 20345 20345 20345 20345 20345 20345 20345 20345 20345 20345 20345 20345 20345 20345 20345 20345
21841 21841 21841 21841 21841 21841 21841 21841 21841 21841 21841 21841 21841 21841 21841 21841 21841 21841 20345 19049 17969 17115 16498 16124 16000 16124 16498 17115 17969 19049 20345 21841 21841 21841 21841 21841 21841 21841 21841 21841 21841 21841 21841 21841 21841 21841 21841 21841 21841 21841 21841 21841 21841 21841 21841 21841 21841 21841 21841 21841 21841 21841 21841 21841 21841 21841 21841 21841 20345 19049 17969 17115 16498 16124 16000 16124 16498 17115 17969 19049 20345 21841 21841 21841 21841 21841 21841 21841 21841 21841 21841 21841 21841 21841 21841 21841 21841 21841
23520 23520 23520 23520 23520 23520 23520 23520 23520 23520 23520 23520 23520 23520 23520 23520 23520 21841 20345 19049 17969 17115 16498 16124 16000 16124 16498 17115 17969 19049 20345 21841 23520 23520 23520 23520 23520 23520 23520 23520 23520 23520 23520 23520 23520 23520 23520 23520 23520 23520 23520 23520 23520 23520 23520 23520 23520 23520 23520 23520 23520 23520 23520 23520 23520 23520 23520 21841 20345 19049 17969 17115 16498 16124 16000 16124 16498 17115 17969 19049 20345 21841 23520 23520 23520 23520 23520 23520 23520 23520 23520 23520 23520 23520 23520 23520 23520 23520
25364 25364 25364 25364 25364 25364 25364 25364 25364 25364 25364 25364 25364 25364 25364 25364 23520 21841 20345 19049 17969 17115 16498 16124 16000 16124 16498 17115 17969 19049 20345 21841 23520 25364 25364 25364 25364 25364 25364 25364 25364 25364 25364 25364 25364 25364 25364 25364 25364 25364 25364 25364 25364 25364 25364 25364 25364 25364 25364 25364 25364 25364 25364 25364 25364 25364 23520 21841 20345 19049 17969 17115 16498 16124 16000 16124 16498 17115 17969 19049 20345 21841 23520 25364 25364 25364 25364 25364 25364 25364 25364 25364 25364 25364 25364 25364 25364 25364
27355 27355 27355 27355 27355 27355 27355 27355 27355 27355 27355 27355 27355 27355 27355 25364 23520 21841 20345 19049 17969 17115 16498 16124 16000 16124 16498 17115 17969 19049 20345 21841 23520 25364 27355 27355 27355 27355 27355 27355 27355 27355 27355 27355 27355 27355 27355 27355 27355 27355 27355 27355 27355 27355 27355 27355 27355 27355 27355 27355 27355 27355 27355 27355 27355 25364 23520 21841 20345 19049 17969 17115 16498 16124 16000 16124 16498 17115 17969 19049 20345 21841 23520 25364 27355 27355 27355 27355 27355 27355 27355 27355 27355 27355 27355 27355 27355 27355
29470 29470 29470 29470 29470 29470 29470 29470 29470 29470 29470 29470 29470 29470 27355 25364 23520 21841 20345 19049 17969 17115 16498 16124 16000 16124 16498 17115 17969 19049 20345 21841 23520 25364 27355 29470 29470 29470 29470 29470 29470 29470 29470 29470 29470 29470 29470 29470 29470 29470 29470 29470 29470 29470 29470 29470 29470 29470 29470 29470 29470 29470 29470 29470 27355 25364 23520 21841 20345 19049 17969 17115 16498 16124 16000 16124 16498 17115 17969 19049 20345 21841 23520 25364 27355 29470 29470 29470 29470 29470 29470 29470 29470 29470 29470 29470 29470 29470
31690 31690 31690 31690 31690 31690 31690 31690 31690 31690 31690 31690 31690 29470 27355 25364 23520 21841 20345 19049 17969 17115 16498 16124 16000 16124 16498 17115 17969 19049 20345 21841 23520 25364 27355 29470 31690 31690 31690 31690 31690 31690 31690 31690 31690 31690 31690 31690 31690 31690 31690 31690 31690 31690 31690 31690 31690 31690 31690 31690 31690 31690 31690 29470 27355 25364 23520 21841 20345 19049 17969 17115 16498 16124 16000 16124 16498 17115 17969 19049 20345 21841 23520 25364 27355 29470 31690 31690 31690 31690 31690 31690 31690 31690 31690 31690 31690 31690
33992 33992 33992 33992 33992 33992 33992 33992 33992 33992 33992 33992 31690 29470 27355 25364 23520 21841 20345 19049 17969 17115 16498 16124 16000 16124 16498 17115 17969 19049 20345 21841 23520 25364 27355 29470 31690 33992 33992 33992 33992 33992 33992 33992 33992 33992 33992 33992 33992 33992 33992 33992 33992 33992 33992 33992 33992 33992 33992 33992 33992 33992 31690 29470 27355 25364 23520 21841 20345 19049 17969 17115 16498 16124 16000 16124 16498 17115 17969 19049 20345 21841 23520 25364 27355 29470 31690 33992 33992 33992 33992 33992 33992 33992 33992 33992 33992 33992
36355 36355 36355 36355 36355 36355 36355 36355 36355 36355 36355 33992 31690 29470 27355 25364 23520 21841 20345 19049 17969 17115 16498 16124 16000 16124 16498 17115 17969 19049 20345 21841 23520 25364 27355 29470 31690 33992 36355 36355 36355 36355 36355 36355 36355 36355 36355 36355 36355 36355 36355 36355 36355 36355 36355 36355 36355 36355 36355 36355 36355 33992 31690 29470 27355 25364 23520 21841 20345 19049 17969 17115 16498 16124 16000 16124 16498 17115 17969 19049 20345 21841 23520 25364 27355 29470 31690 33992 36355 36355 36355 36355 36355 36355 36355 36355 36355 36355
38759 38759 38759 38759 38759 38759 38759 38759 38759 38759 36355 33992 31690 29470 27355 25364 23520 21841 20345 19049 17969 17115 16498 16124 16000 16124 16498 17115 17969 19049 20345 21841 23520 25364 27355 29470 31690 33992 36355 38759 38759 38759 38759 38759 38759 38759 38759 38759 38759 38759 38759 38759 38759 38759 38759 38759 38759 38759 38759 38759 36355 33992 31690 29470 27355 25364 23520 21841 20345 19049 17969 17115 16498 16124 16000 16124 16498 17115 17969 19049 20345 21841 23520 25364 27355 29470 31690 33992 36355 38759 38759 38759 38759 38759 38759 38759 38759 38759
41182 41182 41182 41182 41182 41182 41182 41182 41182 38759 36355 33992 31690 29470 27355 25364 23520 21841 20345 19049 17969 17115 16498 16124 16000 16124 16498 17115 17969 19049 20345 21841 23520 25364 27355 29470 31690 33992 36355 38759 41182 41182 41182 41182 41182 41182 41182 41182 41182 41182 41182 41182 41182 41182 41182 41182 41182 41182 41182 38759 36355 33992 31690 29470 27355 25364 23520 21841 20345 19049 17969 17115 16498 16124 16000 16124 16498 17115 17969 19049 20345 21841 23520 25364 27355 29470 31690 33992 36355 38759 41182 41182 41182 41182 41182 41182 41182 41182
43605 43605 43605 43605 43605 43605 43605 43605 41182 38759 36355 33992 31690 29470 27355 25364 23520 21841 20345 19049 17969 17115 16498 16124 16000 16124 16498 17115 17969 19049 20345 21841 23520 25364 27355 29470 31690 33992 36355 38759 41182 43605 43605 43605 43605 43605 43605 43605 43605 43605 43605 43605 43605 43605 43605 43605 43605 43605 41182 38759 36355 33992 31690 29470 27355 25364 23520 21841 20345 19049 17969 17115 16498 16124 16000 16124 16498 17115 17969 19049 20345 21841 23520 25364 27355 29470 31690 33992 36355 38759 41182 43605 43605 43605 43605 43605 43605 43605
46009 46009 46009 46009 46009 46009 46009 43605 41182 38759 36355 33992 31690 29470 27355 25364 23520 21841 20345 19049 17969 17115 16498 16124 16000 16124 16498 17115 17969 19049 20345 21841 23520 25364 27355 29470 31690 33992 36355 38759 41182 43605 46009 46009 46009 46009 46009 46009 46009 46009 46009 46009 46009 46009 46009 46009 46009 43605 41182 38759 36355 33992 31690 29470 27355 25364 23520 21841 20345 19049 17969 17115 16498 16124 16000 16124 16498 17115 17969 19049 20345 21841 23520 25364 27355 29470 31690 33992 36355 38759 41182 43605 46009 46009 46009 46009 46009 46009
48379 48379 48379 48379 48379 48379 46009 43605 41182 38759 36355 33992 31690 29470 27355 25364 23520 21841 20345 19049 17969 17115 16498 16124 16000 16124 16498 17115 17969 19049 20345 21841 23520 25364 27355 29470 31690 33992 36355 38759 41182 43605 46009 48379 48379 48379 48379 48379 48379 48379 48379 48379 48379 48379 48379 48379 46009 43605 41182 38759 36355 33992 31690 29470 27355 25364 23520 21841 20345 19049 17969 17115 16498 16124 16000 16124 16498 17115 17969 19049 20345 21841 23520 25364 27355 29470 31690 33992 36355 38759 41182 43605 46009 48379 48379 48379 48379 48379
50698 50698 50698 50698 50698 48379 46009 43605 41182 38759 36355 33992 31690 29470 27355 25364 23520 21841 20345 19049 17969 17115 16498 16124 16000 16124 16498 17115 17969 19049 20345 21841 23520 25364 27355 29470 31690 33992 36355 38759 41182 43605 46009 48379 50698 50698 50698 50698 50698 50698 50698 50698 50698 50698 50698 48379 46009 43605 41182 38759 36355 33992 31690 29470 27355 25364 23520 21841 20345 19049 17969 17115 16498 16124 16000 16124 16498 17115 17969 19049 20345 21841 23520 25364 27355 29470 31690 33992 36355 38759 41182 43605 46009 48379 50698 50698 50698 50698
52953 52953 52953 52953 50698 48379 46009 43605 41182 38759 36355 33992 31690 29470 27355 25364 23520 21841 20345 19049 17969 17115 16498 16124 16000 16124 16498 17115 17969 19049 20345 21841 23520 25364 27355 29470 31690 33992 36355 38759 41182 43605 46009 48379 50698 52953 52953 52953 52953 52953 52953 52953 52953 52953 50698 48379 46009 43605 41182 38759 36355 33992 31690 29470 27355 25364 23520 21841 20345 19049 17969 17115 16498 16124 16000 16124 16498 17115 17969 19049 20345 21841 23520 25364 27355 29470 31690 33992 36355 38759 41182 43605 46009 48379 50698 52953 52953 52953
55132 55132 55132 52953 50698 48379 46009 43605 41182 38759 36355 33992 31690 29470 27355 25364 23520 21841 20345 19049 17969 17115 16498 16124 16000 16124 16498 17115 17969 19049 20345 21841 23520 25364 27355 29470 31690 33992 36355 38759 41182 43605 46009 48379 50698 52953 55132 55132 55132 55132 55132 55132 55132 52953 50698 48379 46009 43605 41182 38759 36355 33992 31690 29470 27355 25364 23520 21841 20345 19049 17969 17115 16498 16124 16000 16124 16498 17115 17969 19049 20345 21841 23520 25364 27355 29470 31690 33992 36355 38759 41182 43605 46009 48379 50698 52953 55132 55132
57224 57224 55132 52953 50698 48379 46009 43605 41182 38759 36355 33992 31690 29470 27355 25364 23520 21841 20345 19049 17969 17115 16498 16124 16000 16124 16498 17115 17969 19049 20345 21841 23520 25364 27355 29470 31690 33992 36355 38759 41182 43605 46009 48379 50698 52953 55132 57224 57224 57224 57224 57224 55132 52953 50698 48379 46009 43605 41182 38759 36355 33992 31690 29470 27355 25364 23520 21841 20345 19049 17969 17115 16498 16124 16000 16124 16498 17115 17969 19049 20345 21841 23520 25364 27355 29470 31690 33992 36355 38759 41182 43605 46009 48379 50698 52953 55132 57224
59222 57224 55132 52953 50698 48379 46009 43605 41182 38759 36355 33992 31690 29470 27355 25364 23520 21841 20345 19049 17969 17115 16498 16124 16000 16124 16498 17115 17969 19049 20345 21841 23520 25364 27355 29470 31690 33992 36355 38759 41182 43605 46009 48379 50698 52953 55132 57224 59222 59222 59222 57224 55132 52953 50698 48379 46009 43605 41182 38759 36355 33992 31690 29470 27355 25364 23520 21841 20345 19049 17969 17115 16498 16124 16000 16124 16498 17115 17969 19049 20345 21841 23520 25364 27355 29470 31690 33992 36355 38759 41182 43605 46009 48379 50698 52953 55132 57224
59222 57224 55132 52953 50698 48379 46009 43605 41182 38759 36355 33992 31690 29470 27355 25364 23520 21841 20345 19049 17969 17115 16498 16124 16000 16124 16498 17115 17969 19049 20345 21841 23520 25364 27355 29470 31690 33992 36355 38759 41182 43605 46009 48379 50698 52953 55132 57224 59222 61118 59222 57224 55132 52953 50698 48379 46009 43605 41182 38759 36355 33992 31690 29470 27355 25364 23520 21841 20345 19049 17969 17115 16498 16124 16000 16124 16498 17115 17969 19049 20345 21841 23520 25364 27355 29470 31690 33992 36355 38759 41182 43605 46009 48379 50698 52953 55132 57224
59222 57224 55132 52953 50698 48379 46009 43605 41182 38759 36355 33992 31690 29470 27355 25364 23520 21841 20345 19049 17969 17115 16498 16124 16000 16124 16498 17115 17969 19049 20345 21841 23520 25364 27355 29470 31690 33992 36355 38759 41182 43605 46009 48379 50698 52953 55132 57224 59222 59222 59222 57224 55132 52953 50698 48379 46009 43605 41182 38759 36355 33992 31690 29470 27355 25364 23520 21841 20345 19049 17969 17115 16498 16124 16000 16124 16498 17115 17969 19049 20345 21841 23520 25364 27355 29470 31690 33992 36355 38759 41182 43605 46009 48379 50698 52953 55132 57224
57224 57224 55132 52953 50698 48379 46009 43605 41182 38759 36355 33992 31690 29470 27355 25364 23520 21841 20345 19049 17969 17115 16498 16124 16000 16124 16498 17115 17969 19049 20345 21841 23520 25364 27355 29470 31690 33992 36355 38759 41182 43605 46009 48379 50698 52953 55132 57224 57224 57224 57224 57224 55132 52953 50698 48379 46009 43605 41182 38759 36355 33992 31690 29470 27355 25364 23520 21841 20345 19049 17969 17115 16498 16124 16000 16124 16498 17115 17969 19049 20345 21841 23520 25364 27355 29470 31690 33992 36355 38759 41182 43605 46009 48379 50698 52953 55132 57224
55132 55132 55132 52953 50698 48379 46009 43605 41182 38759 36355 33992 31690 29470 27355 25364 23520 21841 20345 19049 17969 17115 16498 16124 16000 16124 16498 17115 17969 19049 20345 21841 23520 25364 27355 29470 31690 33992 36355 38759 41182 43605 46009 48379 50698 52953 55132 55132 55132 55132 55132 55132 55132 52953 50698 48379 46009 43605 41182 38759 36355 33992 31690 29470 27355 25364 23520 21841 20345 19049 17969 17115 16498 16124 16000 16124 16498 17115 17969 19049 20345 21841 23520 25364 27355 29470 31690 33992 36355 38759 41182 43605 46009 48379 50698 52953 55132 55132
52953 52953 52953 52953 50698 48379 46009 43605 41182 38759 36355 33992 31690 29470 27355 25364 23520 21841 20345 19049 17969 17115 16498 16124 16000 16124 16498 17115 17969 19049 20345 21841 23520 25364 27355 29470 31690 33992 36355 38759 41182 43605 46009 48379 50698 52953 52953 52953 52953 52953 52953 52953 52953 52953 50698 48379 46009 43605 41182 38759 36355 33992 31690 29470 27355 25364 23520 21841 20345 19049 17969 17115 16498 16124 16000 16124 16498 17115 17969 19049 20345 21841 23520 25364 27355 29470 31690 33992 36355 38759 41182 43605 46009 48379 50698 52953 52953 52953
50698 50698 50698 50698 50698 48379 46009 43605 41182 38759 36355 33992 31690 29470 27355 25364 23520 21841 20345 19049 17969 17115 16498 16124 16000 16124 16498 17115 17969 19049 20345 21841 23520 25364 27355 29470 31690 33992 36355 38759 41182 43605 46009 48379 50698 50698 50698 50698 50698 50698 50698 50698 50698 50698 50698 48379 46009 43605 41182 38759 36355 33992 31690 29470 27355 25364 23520 21841 20345 19049 17969 17115 16498 16124 16000 16124 16498 17115 17969 19049 20345 21841 23520 25364 27355 29470 31690 33992 36355 38759 41182 43605 46009 48379 50698 50698 50698 50698
48379 48379 48379 48379 48379 48379 46009 43605 41182 38759 36355 33992 31690 29470 27355 25364 23520 21841 20345 19049 17969 17115 16498 16124 16000 16124 16498 17115 17969 19049 20345 21841 23520 25364 27355 29470 31690 33992 36355 38759 41182 43605 46009 48379 48379 48379 48379 48379 48379 48379 48379 48379 48379 48379 48379 48379 46009 43605 41182 38759 36355 33992 31690 29470 27355 25364 23520 21841 20345 19049 17969 17115 16498 16124 16000 16124 16498 17115 17969 19049 20345 21841 23520 25364 27355 29470 31690 33992 36355 38759 41182 43605 46009 48379 48379 48379 48379 48379
46009 46009 46009 46009 46009 46009 46009 43605 41182 38759 36355 33992 31690 29470 27355 25364 23520 21841 20345 19049 17969 17115 16498 16124 16000 16124 16498 17115 17969 19049 20345 21841 23520 25364 27355 29470 31690 33992 36355 38759 41182 43605 46009 46009 46009 46009 46009 46009 46009 46009 46009 46009 46009 46009 46009 46009 46009 43605 41182 38759 36355 33992 31690 29470 27355 25364 23520 21841 20345 19049 17969 17115 16498 16124 16000 16124 16498 17115 17969 19049 20345 21841 23520 25364 27355 29470 31690 33992 36355 38759 41182 43605 46009 46009 46009 46009 46009 46009
43605 43605 43605 43605 43605 43605 43605 43605 41182 38759 36355 33992 31690 29470 27355 25364 23520 21841 20345 19049 17969 17115 16498 16124 16000 16124 16498 17115 17969 19049 20345 21841 23520 25364 27355 29470 31690 33992 36355 38759 41182 43605 43605 43605 43605 43605 43605 43605 43605 43605 43605 43605 43605 43605 43605 43605 43605 43605 41182 38759 36355 33992 31690 29470 27355 25364 23520 21841 20345 19049 17969 17115 16498 16124 16000 16124 16498 17115 17969 19049 20345 21841 23520 25364 27355 29470 31690 33992 36355 38759 41182 43605 43605 43605 43605 43605 43605 43605
41182 41182 41182 41182 41182 41182 41182 41182 41182 38759 36355 33992 31690 29470 27355 25364 23520 21841 20345 19049 17969 17115 16498 16124 16000 16124 16498 17115 17969 19049 20345 21841 23520 25364 27355 29470 31690 33992 36355 38759 41182 41182 41182 41182 41182 41182 41182 41182 41182 41182 41182 41182 41182 41182 41182 41182 41182 41182 41182 38759 36355 33992 31690 29470 27355 25364 23520 21841 20345 19049 17969 17115 16498 16124 16000 16124 16498 17115 17969 19049 20345 21841 23520 25364 27355 29470 31690 33992 36355 38759 41182 41182 41182 41182 41182 41182 41182 41182
38759 38759 38759 38759 38759 38759 38759 38759 38759 38759 36355 33992 31690 29470 27355 25364 23520 21841 20345 19049 17969 17115 16498 16124 16000 16124 16498 17115 17969 19049 20345 21841 23520 25364 27355 29470 31690 33992 36355 38759 38759 38759 38759 38759 38759 38759 38759 38759 38759 38759 38759 38759 38759 38759 38759 38759 38759 38759 38759 38759 36355 33992 31690 29470 27355 25364 23520 21841 20345 19049 17969 17115 16498 16124 16000 16124 16498 17115 17969 19049 20345 21841 23520 25364 27355 29470 31690 33992 36355 38759 38759 38759 38759 38759 38759 38759 38759 38759
36355 36355 36355 36355 36355 36355 36355 36355 36355 36355 36355 33992 31690 29470 27355 25364 23520 21841 20345 19049 17969 17115 16498 16124 16000 16124 16498 17115 17969 19049 20345 21841 23520 25364 27355 29470 31690 33992 36355 36355 36355 36355 36355 36355 36355 36355 36355 36355 36355 36355 36355 36355 36355 36355 36355 36355 36355 36355 36355 36355 36355 33992 31690 29470 27355 25364 23520 21841 20345 19049 17969 17115 16498 16124 16000 16124 16498 17115 17969 19049 20345 21841 23520 25364 27355 29470 31690 33992 36355 36355 36355 36355 36355 36355 36355 36355 36355 36355
33992 33992 33992 33992 33992 33992 33992 33992 33992 33992 33992 33992 31690 29470 27355 25364 23520 21841 20345 19049 17969 17115 16498 16124 16000 16124 16498 17115 17969 19049 20345 21841 23520 25364 27355 29470 31690 33992 33992 33992 33992 33992 33992 33992 33992 33992 33992 33992 33992 33992 33992 33992 33992 33992 33992 33992 33992 33992 33992 33992 33992 33992 31690 29470 27355 25364 23520 21841 20345 19049 17969 17115 16498 16124 16000 16124 16498 17115 17969 19049 20345 21841 23520 25364 27355 29470 31690 33992 33992 33992 33992 33992 33992 33992 33992 33992 33992 33992
31690 31690 31690 31690 31690 31690 31690 31690 31690 31690 31690 31690 31690 29470 27355 25364 23520 21841 20345 19049 17969 17115 16498 16124 16000 16124 16498 17115 17969 19049 20345 21841 23520 25364 27355 29470 31690 31690 31690 31690 31690 31690 31690 31690 31690 31690 31690 31690 31690 31690 31690 31690 31690 31690 31690 31690 31690 31690 31690 31690 31690 31690 31690 29470 27355 25364 23520 21841 20345 19049 17969 17115 16498 16124 16000 16124 16498 17115 17969 19049 20345 21841 23520 25364 27355 29470 31690 31690 31690 31690 31690 31690 31690 31690 31690 31690 31690 31690
29470 29470 29470 29470 29470 29470 29470 29470 29470 29470 29470 29470 29470 29470 27355 25364 23520 21841 20345 19049 17969 17115 16498 16124 16000 16124 16498 17115 17969 19049 20345 21841 23520 25364 27355 29470 29470 29470 29470 29470 29470 29470 29470 29470 29470 29470 29470 29470 29470 29470 29470 29470 29470 29470 29470 29470 29470 29470 29470 29470 29470 29470 29470 29470 27355 25364 23520 21841 20345 19049 17969 17115 16498 16124 16000 16124 16498 17115 17969 19049 20345 21841 23520 25364 27355 29470 29470 29470 29470 29470 29470 29470 29470 29470 29470 29470 29470 29470
27355 27355 27355 27355 27355 27355 27355 27355 27355 27355 27355 27355 27355 27355 27355 25364 23520 21841 20345 19049 17969 17115 16498 16124 16000 16124 16498 17115 17969 19049 20345 21841 23520 25364 27355 27355 27355 27355 27355 27355 27355 27355 27355 27355 27355 27355 27355 27355 27355 27355 27355 27355 27355 27355 27355 27355 27355 27355 27355 27355 27355 27355 27355 27355 27355 25364 23520 21841 20345 19049 17969 17115 16498 16124 16000 16124 16498 17115 17969 19049 20345 21841 23520 25364 27355 27355 27355 27355 27355 27355 27355 27355 27355 27355 27355 27355 27355 27355
25364 25364 25364 25364 25364 25364 25364 25364 25364 25364 25364 25364 25364 25364 25364 25364 23520 21841 20345 19049 17969 17115 16498 16124 16000 16124 16498 17115 17969 19049 20345 21841 23520 25364 25364 25364 25364 25364 25364 25364 25364 25364 25364 25364 25364 25364 25364 25364 25364 25364 25364 25364 25364 25364 25364 25364 25364 25364 25364 25364 25364 25364 25364 25364 25364 25364 23520 21841 20345 19049 17969 17115 16498 16124 16000 16124 16498 17115 17969 19049 20345 21841 23520 25364 25364 25364 25364 25364 25364 25364 25364 25364 25364 25364 25364 25364 25364 25364
23520 23520 23520 23520 23520 23520 23520 23520 23520 23520 23520 23520 23520 23520 23520 23520 23520 21841 20345 19049 17969 17115 16498 16124 16000 16124 16498 17115 17969 19049 20345 21841 23520 23520 23520 23520 23520 23520 23520 23520 23520 23520 23520 23520 23520 23520 23520 23520 23520 23520 23520 23520 23520 23520 23520 23520 23520 23520 23520 23520 23520 23520 23520 23520 23520 23520 23520 21841 20345 19049 17969 17115 16498 16124 16000 16124 16498 17115 17969 19049 20345 21841 23520 23520 23520 23520 23520 23520 23520 23520 23520 23520 23520 23520 23520 23520 23520 23520
21841 21841 21841 21841 21841 21841 21841 21841 21841 21841 21841 21841 21841 21841 21841 21841 21841 21841 20345 19049 17969 17115 16498 16124 16000 16124 16498 17115 17969 19049 20345 21841 21841 21841 21841 21841 21841 21841 21841 21841 21841 21841 21841 21841 21841 21841 21841 21841 21841 21841 21841 21841 21841 21841 21841 21841 21841 21841 21841 21841 21841 21841 21841 21841 21841 21841 21841 21841 20345 19049 17969 17115 16498 16124 16000 16124 16498 17115 17969 19049 20345 21841 21841 21841 21841 21841 21841 21841 21841 21841 21841 21841 21841 21841 21841 21841 21841 21841
20345 20345 20345 20345 20345 20345 20345 20345 20345 20345 20345 20345 20345 20345 20345 20345 20345 20345 20345 19049 17969 17115 16498 16124 16000 16124 16498 17115 17969 19049 20345 20345 20345 20345 20345 20345 20345 20345 20345 20345 20345 20345 20345 20345 20345 20345 20345 20345 20345 20345 20345 20345 20345 20345 20345 20345 20345 20345 20345 20345 20345 20345 20345 20345 20345 20345 20345 20345 20345 19049 17969 17115 16498 16124 16000 16124 16498 17115 17969 19049 20345 20345 20345 20345 20345 20345 20345 20345 20345 20345 20345 20345 20345 20345 20345 20345 20345 20345
19049 19049 19049 19049 19049 19049 19049 19049 19049 19049 19049 19049 19049 19049 19049 19049 19049 19049 19049 19049 17969 17115 16498 16124 16000 16124 16498 17115 17969 19049 19049 19049 19049 19049 19049 19049 19049 19049 19049 19049 19049 19049 19049 19049 19049 19049 19049 19049 19049 19049 19049 19049 19049 19049 19049 19049 19049 19049 19049 19049 19049 19049 19049 19049 19049 19049 19049 19049 19049 19049 17969 17115 16498 16124 16000 16124 16498 17115 17969 19049 19049 19049 19049 19049 19049 19049 19049 19049 19049 19049 19049 19049 19049 19049 19049 19049 19049 19049
17969 17969 17969 17969 17969 17969 17969 17969 17969 17969 17969 17969 17969 17969 17969 17969 17969 17969 17969 17969 17969 17115 16498 16124 16000 16124 16498 17115 17969 17969 17969 17969 17969 17969 17969 17969 17969 17969 17969 17969 17969 17969 17969 17969 17969 17969 17969 17969 17969 17969 17969 17969 17969 17969 17969 17969 17969 17969 17969 17969 17969 17969 17969 17969 17969 17969 17969 17969 17969 17969 17969 17115 16498 16124 16000 16124 16498 17115 17969 17969 17969 17969 17969 17969 17969 17969 17969 17969 17969 17969 17969 17969 17969 17969 17969 17969 17969 17969
17115 17115 17115 17115 17115 17115 17115 17115 17115 17115 17115 17115 17115 17115 17115 17115 17115 17115 17115 17115 17115 17115 16498 16124 16000 16124 16498 17115 17115 17115 17115 17115 17115 17115 17115 17115 17115 17115 17115 17115 17115 17115 17115 17115 17115 17115 17115 17115 17115 17115 17115 17115 17115 17115 17115 17115 17115 17115 17115 17115 17115 17115 17115 17115 17115 17115 17115 17115 17115 17115 17115 17115 16498 16124 16000 16124 16498 17115 17115 17115 17115 17115 17115 17115 17115 17115 17115 17115 17115 17115 17115 17115 17115 17115 17115 17115 17115 17115
16498 16498 16498 16498 16498 16498 16498 16498 16498 16498 16498 16498 16498 16498 16498 16498 16498 16498 16498 16498 16498 16498 16498 16124 16000 16124 16498 16498 16498 16498 16498 16498 16498 16498 16498 16498 16498 16498 16498 16498 16498 16498 16498 16498 16498 16498 16498 16498 16498 16498 16498 16498 16498 16498 16498 16498 16498 16498 16498 16498 16498 16498 16498 16498 16498 16498 16498 16498 16498 16498 16498 16498 16498 16124 16000 16124 16498 16498 16498 16498 16498 16498 16498 16498 16498 16498 16498 16498 16498 16498 16498 16498 16498 16498 16498 16498 16498 16498
16124 16124 16124 16124 16124 16124 16124 16124 16124 16124 16124 16124 16124 16124 16124 16124 16124 16124 16124 16124 16124 16124 16124 16124 16000 16124 16124 16124 16124 16124 16124 16124 16124 16124 16124 16124 16124 16124 16124 16124 16124 16124 16124 16124 16124 16124 16124 16124 16124 16124 16124 16124 16124 16124 16124 16124 16124 16124 16124 16124 16124 16124 16124 16124 16124 16124 16124 16124 16124 16124 16124 16124 16124 16124 16000 16124 16124 16124 16124 16124 16124 16124 16124 16124 16124 16124 16124 16124 16124 16124 16124 16124 16124 16124 16124 16124 16124 16124
16000 16000 16000 16000 16000 16000 16000 16000 16000 16000 16000 16000 16000 16000 16000 16000 16000 16000 16000 16000 16000 16000 16000 16000 16000 16000 16000 16000 16000 16000 16000 16000 16000 16000 16000 16000 16000 16000 16000 16000 16000 16000 16000 16000 16000 16000 16000 16000 16000 16000 16000 16000 16000 16000 16000 16000 16000 16000 16000 16000 16000 16000 16000 16000 16000 16000 16000 16000 16000 16000 16000 16000 16000 16000 16000 16000 16000 16000 16000 16000 16000 16000 16000 16000 16000 16000 16000 16000 16000 16000 16000 16000 16000 16000 16000 16000 16000 16000
16124 16124 16124 16124 16124 16124 16124 16124 16124 16124 16124 16124 16124 16124 16124 16124 16124 16124 16124 16124 16124 16124 16124 16124 16000 16124 16124 16124 16124 16124 16124 16124 16124 16124 16124 16124 16124 16124 16124 16124 16124 16124 16124 16124 16124 16124 16124 16124 16124 16124 16124 16124 16124 16124 16124 16124 16124 16124 16124 16124 16124 16124 16124 16124 16124 16124 16124 16124 16124 16124 16124 16124 16124 16124 16000 16124 16124 16124 16124 16124 16124 16124 16124 16124 16124 16124 16124 16124 16124 16124 16124 16124 16124 16124 16124 16124 16124 16124
16498 16498 16498 16498 16498 16498 16498 16498 16498 16498 16498 16498 16498 16498 16498 16498 16498 16498 16498 16498 16498 16498 16498 16124 16000 16124 16498 16498 16498 16498 16498 16498 16498 16498 16498 16498 16498 16498 16498 16498 16498 16498 16498 16498 16498 16498 16498 16498 16498 16498 16498 16498 16498 16498 16498 16498 16498 16498 16498 16498 16498 16498 16498 16498 16498 16498 16498 16498 16498 16498 16498 16498 16498 16124 16000 16124 16498 16498 16498 16498 16498 16498 16498 16498 16498 16498 16498 16498 16498 16498 16498 16498 16498 16498 16498 16498 16498 16498
17115 17115 17115 17115 17115 17115 17115 17115 17115 17115 17115 17115 17115 17115 17115 17115 17115 17115 17115 17115 17115 17115 16498 16124 16000 16124 16498 17115 17115 17115 17115 17115 17115 17115 17115 17115 17115 17115 17115 17115 17115 17115 17115 17115 17115 17115 17115 17115 17115 17115 17115 17115 17115 17115 17115 17115 17115 17115 17115 17115 17115 17115 17115 17115 17115 17115 17115 17115 17115 17115 17115 17115 16498 16124 16000 16124 16498 17115 17115 17115 17115 17115 17115 17115 17115 17115 17115 17115 17115 17115 17115 17115 17115 17115 17115 17115 17115 17115
17969 17969 17969 17969 17969 17969 17969 17969 17969 17969 17969 17969 17969 17969 17969 17969 17969 17969 17969 17969 17969 17115 16498 16124 16000 16124 16498 17115 17969 17969 17969 17969 17969 17969 17969 17969 17969 17969 17969 17969 17969 17969 17969 17969 17969 17969 17969 17969 17969 17969 17969 17969 17969 17969 17969 17969 17969 17969 17969 17969 17969 17969 17969 17969 17969 17969 17969 17969 17969 17969 17969 17115 16498 16124 16000 16124 16498 17115 17969 17969 17969 17969 17969 17969 17969 17969 17969 17969 17969 17969 17969 17969 17969 17969 17969 17969 17969 17969
19049 19049 19049 19049 19049 19049 19049 19049 19049 19049 19049 19049 19049 19049 19049 19049 19049 19049 19049 19049 17969 17115 16498 16124 16000 16124 16498 17115 17969 19049 19049 19049 19049 19049 19049 19049 19049 19049 19049 19049 19049 19049 19049 19049 19049 19049 19049 19049 19049 19049 19049 19049 19049 19049 19049 19049 19049 19049 19049 19049 19049 19049 19049 19049 19049 19049 19049 19049 19049 19049 17969 17115 16498 16124 16000 16124 16498 17115 17969 19049 19049 19049 19049 19049 19049 19049 19049 19049 19049 19049 19049 19049 19049 19049 19049 19049 19049 19049
20345 20345 20345 20345 20345 20345 20345 20345 20345 20345 20345 20345 20345 20345 20345 20345 20345 20345 20345 19049 17969 17115 16498 16124 16000 16124 16498 17115 17969 19049 20345 20345 20345 20345 20345 20345 20345 20345 20345 20345 20345 20345 20345 20345 20345 20345 20345 20345 20345 20345 20345 20345 20345 20345 20345 20345 20345 20345 20345 20345 20345 20345 20345 20345 20345 20345 20345 20345 20345 19049 17969 17115 16498 16124 16000 16124 16498 17115 17969 19049 20345 20345 20345 20345 20345 20345 20345 20345 20345 20345 20345 20345 20345 20345 20345 20345 20345 20345
21841 21841 21841 21841 21841 21841 21841 21841 21841 21841 21841 21841 21841 21841 21841 21841 21841 21841 20345 19049 17969 17115 16498 16124 16000 16124 16498 17115 17969 19049 20345 21841 21841 21841 21841 21841 21841 21841 21841 21841 21841 21841 21841 21841 21841 21841 21841 21841 21841 21841 21841 21841 21841 21841 21841 21841 21841 21841 21841 21841 21841 21841 21841 21841 21841 21841 21841 21841 20345 19049 17969 17115 16498 16124 16000 16124 16498 17115 17969 19049 20345 21841 21841 21841 21841 21841 21841 21841 21841 21841 21841 21841 21841 21841 21841 21841 21841 21841
23520 23520 23520 23520 23520 23520 23520 23520 23520 23520 23520 23520 23520 23520 23520 23520 23520 21841 20345 19049 17969 17115 16498 16124 16000 16124 16498 17115 17969 19049 20345 21841 23520 23520 23520 23520 23520 23520 23520 23520 23520 23520 23520 23520 23520 23520 23520 23520 23520 23520 23520 23520 23520 23520 23520 23520 23520 23520 23520 23520 23520 23520 23520 23520 23520 23520 23520 21841 20345 19049 17969 17115 16498 16124 16000 16124 16498 17115 17969 19049 20345 21841 23520 23520 23520 23520 23520 23520 23520 23520 23520 23520 23520 23520 23520 23520 23520 23520
25364 25364 25364 25364 25364 25364 25364 25364 25364 25364 25364 25364 25364 25364 25364 25364 23520 21841 20345 19049 17969 17115 16498 16124 16000 16124 16498 17115 17969 19049 20345 21841 23520 25364 25364 25364 25364 25364 25364 25364 25364 25364 25364 25364 25364 25364 25364 25364 25364 25364 25364 25364 25364 25364 25364 25364 25364 25364 25364 25364 25364 25364 25364 25364 25364 25364 23520 21841 20345 19049 17969 17115 16498 16124 16000 16124 16498 17115 17969 19049 20345 21841 23520 25364 25364 25364 25364 25364 25364 25364 25364 25364 25364 25364 25364 25364 25364 25364
27355 27355 27355 27355 27355 27355 27355 27355 27355 27355 27355 27355 27355 27355 27355 25364 23520 21841 20345 19049 17969 17115 16498 16124 16000 16124 16498 17115 17969 19049 20345 21841 23520 25364 27355 27355 27355 27355 27355 27355 27355 27355 27355 27355 27355 27355 27355 27355 27355 27355 27355 27355 27355 27355 27355 27355 27355 27355 27355 27355 27355 27355 27355 27355 27355 25364 23520 21841 20345 19049 17969 17115 16498 16124 16000 16124 16498 17115 17969 19049 20345 21841 23520 25364 27355 27355 27355 27355 27355 27355 27355 27355 27355 27355 27355 27355 27355 27355
29470 29470 29470 29470 29470 29470 29470 29470 29470 29470 29470 29470 29470 29470 27355 25364 23520 21841 20345 19049 17969 17115 16498 16124 16000 16124 16498 17115 17969 19049 20345 21841 23520 25364 27355 29470 29470 29470 29470 29470 29470 29470 29470 29470 29470 29470 29470 29470 29470 29470 29470 29470 29470 29470 29470 29470 29470 29470 29470 29470 29470 29470 29470 29470 27355 25364 23520 21841 20345 19049 17969 17115 16498 16124 16000 16124 16498 17115 17969 19049 20345 21841 23520 25364 27355 29470 29470 29470 29470 29470 29470 29470 29470 29470 29470 29470 29470 29470
31690 31690 31690 31690 31690 31690 31690 31690 31690 31690 31690 31690 31690 29470 27355 25364 23520 21841 20345 19049 17969 17115 16498 16124 16000 16124 16498 17115 17969 19049 20345 21841 23520 25364 27355 29470 31690 31690 31690 31690 31690 31690 31690 31690 31690 31690 31690 31690 31690 31690 31690 31690 31690 31690 31690 31690 31690 31690 31690 31690 31690 31690 31690 29470 27355 25364 23520 21841 20345 19049 17969 17115 16498 16124 16000 16124 16498 17115 17969 19049 20345 21841 23520 25364 27355 29470 31690 31690 31690 31690 31690 31690 31690 31690 31690 31690 31690 31690
33992 33992 33992 33992 33992 33992 33992 33992 33992 33992 33992 33992 31690 29470 27355 25364 23520 21841 20345 19049 17969 17115 16498 16124 16000 16124 16498 17115 17969 19049 20345 21841 23520 25364 27355 29470 31690 33992 33992 33992 33992 33992 33992 33992 33992 33992 33992 33992 33992 33992 33992 33992 33992 33992 33992 33992 33992 33992 33992 33992 33992 33992 31690 29470 27355 25364 23520 21841 20345 19049 17969 17115 16498 16124 16000 16124 16498 17115 17969 19049 20345 21841 23520 25364 27355 29470 31690 33992 33992 33992 33992 33992 33992 33992 33992 33992 33992 33992
36355 36355 36355 36355 36355 36355 36355 36355 36355 36355 36355 33992 31690 29470 27355 25364 23520 21841 20345 19049 17969 17115 16498 16124 16000 16124 16498 17115 17969 19049 20345 21841 23520 25364 27355 29470 31690 33992 36355 36355 36355 36355 36355 36355 36355 36355 36355 36355 36355 36355 36355 36355 36355 36355 36355 36355 36355 36355 36355 36355 36355 33992 31690 29470 27355 25364 23520 21841 20345 19049 17969 17115 16498 16124 16000 16124 16498 17115 17969 19049 20345 21841 23520 25364 27355 29470 31690 33992 36355 36355 36355 36355 36355 36355 36355 36355 36355 36355
38759 38759 38759 38759 38759 38759 38759 38759 38759 38759 36355 33992 31690 29470 27355 25364 23520 21841 20345 19049 17969 17115 16498 16124 16000 16124 16498 17115 17969 19049 20345 21841 23520 25364 27355 29470 31690 33992 36355 38759 38759 38759 38759 38759 38759 38759 38759 38759 38759 38759 38759 38759 38759 38759 38759 38759 38759 38759 38759 38759 36355 33992 31690 29470 27355 25364 23520 21841 20345 19049 17969 17115 16498 16124 16000 16124 16498 17115 17969 19049 20345 21841 23520 25364 27355 29470 31690 33992 36355 38759 38759 38759 38759 38759 38759 38759 38759 38759
41182 41182 41182 41182 41182 41182 41182 41182 41182 38759 36355 33992 31690 29470 27355 25364 23520 21841 20345 19049 17969 17115 16498 16124 16000 16124 16498 17115 17969 19049 20345 21841 23520 25364 27355 29470 31690 33992 36355 38759 41182 41182 41182 41182 41182 41182 41182 41182 41182 41182 41182 41182 41182 41182 41182 41182 41182 41182 41182 38759 36355 33992 31690 29470 27355 25364 23520 21841 20345 19049 17969 17115 16498 16124 16000 16124 16498 17115 17969 19049 20345 21841 23520 25364 27355 29470 31690 33992 36355 38759 41182 41182 41182 41182 41182 41182 41182 41182
43605 43605 43605 43605 43605 43605 43605 43605 41182 38759 36355 33992 31690 29470 27355 25364 23520 21841 20345 19049 17969 17115 16498 16124 16000 16124 16498 17115 17969 19049 20345 21841 23520 25364 27355 29470 31690 33992 36355 38759 41182 43605 43605 43605 43605 43605 43605 43605 43605 43605 43605 43605 43605 43605 43605 43605 43605 43605 41182 38759 36355 33992 31690 29470 27355 25364 23520 21841 20345 19049 17969 17115 16498 16124 16000 16124 16498 17115 17969 19049 20345 21841 23520 25364 27355 29470 31690 33992 36355 38759 41182 43605 43605 43605 43605 43605 43605 43605
46009 46009 46009 46009 46009 46009 46009 43605 41182 38759 36355 33992 31690 29470 27355 25364 23520 21841 20345 19049 17969 17115 16498 16124 16000 16124 16498 17115 17969 19049 20345 21841 23520 25364 27355 29470 31690 33992 36355 38759 41182 43605 46009 46009 46009 46009 46009 46009 46009 46009 46009 46009 46009 46009 46009 46009 46009 43605 41182 38759 36355 33992 31690 29470 27355 25364 23520 21841 20345 19049 17969 17115 16498 16124 16000 16124 16498 17115 17969 19049 20345 21841 23520 25364 27355 29470 31690 33992 36355 38759 41182 43605 46009 46009 46009 46009 46009 46009
48379 48379 48379 48379 48379 48379 46009 43605 41182 38759 36355 33992 31690 29470 27355 25364 23520 21841 20345 19049 17969 17115 16498 16124 16000 16124 16498 17115 17969 19049 20345 21841 23520 25364 27355 29470 31690 33992 36355 38759 41182 43605 46009 48379 48379 48379 48379 48379 48379 48379 48379 48379 48379 48379 48379 48379 46009 43605 41182 38759 36355 33992 31690 29470 27355 25364 23520 21841 20345 19049 17969 17115 16498 16124 16000 16124 16498 17115 17969 19049 20345 21841 23520 25364 27355 29470 31690 33992 36355 38759 41182 43605 46009 48379 48379 48379 48379 48379
50698 50698 50698 50698 50698 48379 46009 43605 41182 38759 36355 33992 31690 29470 27355 25364 23520 21841 20345 19049 17969 17115 16498 16124 16000 16124 16498 17115 17969 19049 20345 21841 23520 25364 27355 29470 31690 33992 36355 38759 41182 43605 46009 48379 50698 50698 50698 50698 50698 50698 50698 50698 50698 50698 50698 48379 46009 43605 41182 38759 36355 33992 31690 29470 27355 25364 23520 21841 20345 19049 17969 17115 16498 16124 16000 16124 16498 17115 17969 19049 20345 21841 23520 25364 27355 29470 31690 33992 36355 38759 41182 43605 46009 48379 50698 50698 50698 50698
52953 52953 52953 52953 50698 48379 46009 43605 41182 38759 36355 33992 31690 29470 27355 25364 23520 21841 20345 19049 17969 17115 16498 16124 16000 16124 16498 17115 17969 19049 20345 21841 23520 25364 27355 29470 31690 33992 36355 38759 41182 43605 46009 48379 50698 52953 52953 52953 52953 52953 52953 52953 52953 52953 50698 48379 46009 43605 41182 38759 36355 33992 31690 29470 27355 25364 23520 21841 20345 19049 17969 17115 16498 16124 16000 16124 16498 17115 17969 19049 20345 21841 23520 25364 27355 29470 31690 33992 36355 38759 41182 43605 46009 48379 50698 52953 52953 52953
55132 55132 55132 52953 50698 48379 46009 43605 41182 38759 36355 33992 31690 29470 27355 25364 23520 21841 20345 19049 17969 17115 16498 16124 16000 16124 16498 17115 17969 19049 20345 21841 23520 25364 27355 29470 31690 33992 36355 38759 41182 43605 46009 48379 50698 52953 55132 55132 55132 55132 55132 55132 55132 52953 50698 48379 46009 43605 41182 38759 36355 33992 31690 29470 27355 25364 23520 21841 20345 19049 17969 17115 16498 16124 16000 16124 16498 17115 17969 19049 20345 21841 23520 25364 27355 29470 31690 33992 36355 38759 41182 43605 46009 48379 50698 52953 55132 55132
57224 57224 55132 52953 50698 48379 46009 43605 41182 38759 36355 33992 31690 29470 27355 25364 23520 21841 20345 19049 17969 17115 16498 16124 16000 16124 16498 17115 17969 19049 20345 21841 23520 25364 27355 29470 31690 33992 36355 38759 41182 43605 46009 48379 50698 52953 55132 57224 57224 57224 57224 57224 55132 52953 50698 48379 46009 43605 41182 38759 36355 33992 31690 29470 27355 25364 23520 21841 20345 19049 17969 17115 16498 16124 16000 16124 16498 17115 17969 19049 20345 21841 23520 25364 27355 29470 31690 33992 36355 38759 41182 43605 46009 48379 50698 52953 55132 57224
