14770 15285 15679 16012 16304 16569 16812 17038 17250 17450 17641 17823 17998 18166 18328 18484 18636 18783 18927 19066 19202 19335 19465 19591 19716 19837 19957 20074 20189 20302 20413 20523 20630 20736 20841 20944 21045 21145 21244 21341 21438 21533 21627 21719 21811 21902 21992 22080 22168 22255 22341 22426 22511 22594 22677 22759 22840 22921 23000 23080
15285 15799 16193 16525 16817 17081 17324 17550 17762 17962 18152 18334 18509 18676 18838 18995 19146 19293 19437 19576 19712 19844 19974 20101 20225 20346 20466 20583 20697 20810 20921 21031 21138 21244 21348 21451 21553 21653 21751 21849 21945 22040 22134 22226 22318 22409 22498 22587 22674 22761 22847 22932 23017 23100 23183 23265 23346 23426 23506 23585
15679 16193 16587 16918 17210 17474 17717 17942 18154 18354 18544 18726 18900 19068 19230 19386 19537 19685 19827 19967 20102 20235 20364 20491 20615 20736 20856 20972 21087 21200 21311 21420 21528 21633 21738 21840 21942 22042 22140 22237 22333 22428 22522 22615 22706 22797 22886 22975 23063 23149 23235 23320 23404 23488 23570 23652 23733 23814 23893 23972
16012 16525 16918 17250 17541 17805 18047 18273 18484 18684 18875 19056 19230 19398 19559 19716 19867 20014 20157 20296 20431 20564 20693 20820 20944 21065 21184 21301 21416 21528 21639 21748 21856 21961 22066 22168 22269 22369 22468 22565 22661 22756 22849 22942 23033 23124 23213 23302 23390 23476 23562 23647 23731 23814 23897 23979 24060 24140 24220 24298
16304 16817 17210 17541 17833 18096 18339 18564 18775 18975 19165 19347 19521 19688 19850 20006 20157 20304 20447 20586 20721 20853 20983 21109 21233 21354 21473 21590 21705 21817 21928 22037 22145 22250 22354 22457 22558 22658 22756 22853 22949 23044 23138 23230 23322 23412 23501 23590 23677 23764 23850 23935 24019 24102 24184 24266 24347 24427 24507 24586
16569 17081 17474 17805 18096 18360 18602 18827 19038 19238 19428 19609 19783 19951 20112 20268 20419 20566 20709 20847 20983 21115 21244 21371 21494 21616 21735 21851 21966 22079 22189 22298 22405 22511 22615 22718 22819 22918 23017 23114 23210 23304 23398 23490 23582 23672 23762 23850 23937 24024 24110 24195 24279 24362 24444 24526 24607 24687 24766 24845
16812 17324 17717 18047 18339 18602 18844 19069 19280 19480 19669 19851 20025 20192 20353 20509 20660 20807 20949 21088 21223 21356 21485 21611 21735 21856 21975 22091 22206 22319 22429 22538 22645 22751 22855 22957 23058 23158 23256 23353 23449 23544 23637 23730 23821 23911 24001 24089 24176 24263 24349 24433 24517 24601 24683 24765 24845 24926 25005 25084
17038 17550 17942 18273 18564 18827 19069 19293 19505 19704 19894 20075 20249 20416 20577 20733 20884 21031 21173 21312 21447 21579 21708 21835 21958 22079 22198 22315 22429 22542 22652 22761 22868 22974 23078 23180 23281 23381 23479 23576 23672 23766 23860 23952 24044 24134 24223 24311 24399 24485 24571 24656 24740 24823 24905 24987 25067 25148 25227 25306
17250 17762 18154 18484 18775 19038 19280 19505 19716 19915 20105 20286 20460 20627 20788 20944 21095 21241 21383 21522 21657 21789 21918 22045 22168 22289 22408 22525 22639 22751 22862 22971 23078 23183 23287 23390 23490 23590 23688 23785 23881 23975 24069 24161 24252 24343 24432 24520 24608 24694 24780 24864 24948 25031 25114 25195 25276 25356 25435 25514
17450 17962 18354 18684 18975 19238 19480 19704 19915 20115 20304 20485 20659 20826 20987 21143 21293 21440 21582 21721 21856 21988 22117 22243 22367 22488 22606 22723 22837 22950 23060 23169 23276 23381 23485 23587 23688 23788 23886 23983 24079 24173 24266 24359 24450 24540 24629 24718 24805 24891 24977 25062 25145 25228 25311 25392 25473 25553 25632 25711
17641 18152 18544 18875 19165 19428 19669 19894 20105 20304 20494 20675 20848 21015 21176 21332 21482 21629 21771 21910 22045 22177 22306 22432 22555 22676 22795 22911 23026 23138 23248 23357 23464 23569 23673 23776 23876 23976 24074 24171 24267 24361 24454 24547 24638 24728 24817 24905 24993 25079 25164 25249 25333 25416 25498 25580 25660 25740 25820 25898
17823 18334 18726 19056 19347 19609 19851 20075 20286 20485 20675 20856 21029 21196 21357 21512 21663 21809 21952 22090 22225 22357 22486 22612 22735 22856 22975 23091 23206 23318 23428 23537 23644 23749 23853 23955 24056 24155 24254 24350 24446 24540 24634 24726 24817 24907 24996 25085 25172 25258 25344 25428 25512 25595 25677 25759 25839 25919 25999 26077
17998 18509 18900 19230 19521 19783 20025 20249 20460 20659 20848 21029 21202 21369 21530 21686 21836 21983 22125 22263 22398 22530 22659 22785 22908 23029 23148 23264 23378 23490 23601 23709 23816 23922 24025 24128 24228 24328 24426 24523 24618 24713 24806 24898 24989 25079 25168 25256 25344 25430 25515 25600 25684 25767 25849 25930 26011 26091 26170 26249
18166 18676 19068 19398 19688 19951 20192 20416 20627 20826 21015 21196 21369 21536 21697 21852 22003 22149 22291 22430 22565 22696 22825 22951 23074 23195 23314 23430 23544 23656 23767 23875 23982 24087 24191 24293 24394 24493 24591 24688 24784 24878 24971 25063 25154 25245 25334 25422 25509 25595 25680 25765 25849 25932 26014 26095 26176 26256 26335 26414
18328 18838 19230 19559 19850 20112 20353 20577 20788 20987 21176 21357 21530 21697 21857 22013 22163 22310 22452 22590 22725 22857 22985 23111 23235 23355 23474 23590 23704 23816 23927 24035 24142 24247 24351 24453 24554 24653 24751 24848 24943 25038 25131 25223 25314 25404 25493 25581 25668 25754 25840 25924 26008 26091 26173 26254 26335 26415 26494 26573
18484 18995 19386 19716 20006 20268 20509 20733 20944 21143 21332 21512 21686 21852 22013 22168 22319 22465 22607 22745 22880 23012 23140 23266 23390 23510 23629 23745 23859 23971 24081 24190 24297 24402 24505 24608 24708 24808 24905 25002 25098 25192 25285 25377 25468 25558 25647 25735 25822 25909 25994 26078 26162 26245 26327 26408 26489 26569 26648 26726
18636 19146 19537 19867 20157 20419 20660 20884 21095 21293 21482 21663 21836 22003 22163 22319 22469 22615 22757 22896 23030 23162 23291 23416 23540 23660 23779 23895 24009 24121 24231 24340 24447 24552 24655 24757 24858 24957 25055 25152 25247 25341 25435 25527 25618 25708 25797 25885 25972 26058 26143 26228 26311 26394 26476 26557 26638 26718 26797 26875
18783 19293 19685 20014 20304 20566 20807 21031 21241 21440 21629 21809 21983 22149 22310 22465 22615 22761 22903 23042 23176 23308 23436 23562 23685 23806 23924 24041 24155 24267 24377 24485 24592 24697 24801 24903 25003 25102 25200 25297 25392 25487 25580 25672 25763 25853 25942 26030 26117 26203 26288 26372 26456 26539 26621 26702 26783 26863 26942 27020
18927 19437 19827 20157 20447 20709 20949 21173 21383 21582 21771 21952 22125 22291 22452 22607 22757 22903 23045 23183 23318 23450 23578 23704 23827 23948 24066 24182 24296 24408 24518 24627 24733 24838 24942 25044 25144 25244 25342 25438 25534 25628 25721 25813 25904 25994 26083 26171 26258 26344 26429 26513 26597 26680 26762 26843 26923 27003 27082 27161
19066 19576 19967 20296 20586 20847 21088 21312 21522 21721 21910 22090 22263 22430 22590 22745 22896 23042 23183 23322 23456 23588 23716 23842 23965 24086 24204 24320 24434 24546 24656 24764 24871 24976 25080 25182 25282 25381 25479 25576 25671 25765 25858 25950 26041 26131 26220 26308 26395 26481 26566 26650 26734 26817 26899 26980 27060 27140 27219 27298
19202 19712 20102 20431 20721 20983 21223 21447 21657 21856 22045 22225 22398 22565 22725 22880 23030 23176 23318 23456 23591 23722 23851 23976 24100 24220 24338 24454 24568 24680 24790 24899 25005 25110 25214 25316 25416 25515 25613 25710 25805 25899 25992 26084 26175 26265 26354 26442 26529 26615 26700 26784 26868 26950 27032 27114 27194 27274 27353 27431
19335 19844 20235 20564 20853 21115 21356 21579 21789 21988 22177 22357 22530 22696 22857 23012 23162 23308 23450 23588 23722 23854 23982 24108 24231 24351 24470 24586 24699 24811 24922 25030 25136 25241 25345 25447 25547 25646 25744 25841 25936 26030 26123 26215 26306 26395 26484 26572 26659 26745 26830 26915 26998 27081 27163 27244 27324 27404 27483 27562
19465 19974 20364 20693 20983 21244 21485 21708 21918 22117 22306 22486 22659 22825 22985 23140 23291 23436 23578 23716 23851 23982 24111 24236 24359 24480 24598 24714 24828 24940 25050 25158 25264 25369 25473 25575 25675 25774 25872 25968 26064 26158 26251 26343 26433 26523 26612 26700 26787 26873 26958 27042 27126 27208 27290 27371 27452 27532 27611 27689
19591 20101 20491 20820 21109 21371 21611 21835 22045 22243 22432 22612 22785 22951 23111 23266 23416 23562 23704 23842 23976 24108 24236 24362 24485 24605 24723 24839 24953 25065 25175 25283 25390 25495 25598 25700 25800 25899 25997 26093 26189 26283 26376 26468 26558 26648 26737 26825 26912 26998 27083 27167 27251 27333 27415 27496 27577 27656 27735 27814
19716 20225 20615 20944 21233 21494 21735 21958 22168 22367 22555 22735 22908 23074 23235 23390 23540 23685 23827 23965 24100 24231 24359 24485 24608 24728 24846 24962 25076 25188 25298 25406 25512 25617 25721 25822 25923 26022 26119 26216 26311 26405 26498 26590 26681 26770 26859 26947 27034 27120 27205 27289 27373 27455 27537 27618 27699 27778 27857 27936
19837 20346 20736 21065 21354 21616 21856 22079 22289 22488 22676 22856 23029 23195 23355 23510 23660 23806 23948 24086 24220 24351 24480 24605 24728 24848 24966 25082 25196 25308 25418 25526 25633 25737 25841 25942 26043 26142 26239 26336 26431 26525 26618 26710 26801 26890 26979 27067 27154 27240 27325 27409 27492 27575 27657 27738 27818 27898 27977 28055
19957 20466 20856 21184 21473 21735 21975 22198 22408 22606 22795 22975 23148 23314 23474 23629 23779 23924 24066 24204 24338 24470 24598 24723 24846 24966 25085 25200 25314 25426 25536 25644 25750 25855 25958 26060 26161 26260 26357 26454 26549 26643 26736 26827 26918 27008 27097 27184 27271 27357 27442 27526 27610 27692 27774 27855 27936 28015 28094 28172
20074 20583 20972 21301 21590 21851 22091 22315 22525 22723 22911 23091 23264 23430 23590 23745 23895 24041 24182 24320 24454 24586 24714 24839 24962 25082 25200 25316 25430 25542 25652 25760 25866 25971 26074 26176 26276 26375 26473 26569 26664 26758 26851 26943 27034 27123 27212 27300 27386 27472 27557 27642 27725 27808 27889 27970 28051 28130 28209 28287
20189 20697 21087 21416 21705 21966 22206 22429 22639 22837 23026 23206 23378 23544 23704 23859 24009 24155 24296 24434 24568 24699 24828 24953 25076 25196 25314 25430 25544 25655 25765 25873 25980 26084 26188 26289 26390 26489 26586 26683 26778 26872 26964 27056 27147 27236 27325 27413 27500 27586 27671 27755 27838 27921 28002 28083 28164 28243 28322 28400
20302 20810 21200 21528 21817 22079 22319 22542 22751 22950 23138 23318 23490 23656 23816 23971 24121 24267 24408 24546 24680 24811 24940 25065 25188 25308 25426 25542 25655 25767 25877 25985 26091 26196 26299 26401 26501 26600 26698 26794 26889 26983 27076 27168 27258 27348 27436 27524 27611 27697 27782 27866 27949 28032 28114 28195 28275 28354 28433 28511
20413 20921 21311 21639 21928 22189 22429 22652 22862 23060 23248 23428 23601 23767 23927 24081 24231 24377 24518 24656 24790 24922 25050 25175 25298 25418 25536 25652 25765 25877 25987 26095 26201 26306 26409 26511 26611 26710 26807 26904 26999 27093 27185 27277 27368 27457 27546 27634 27720 27806 27891 27975 28059 28141 28223 28304 28384 28464 28542 28621
20523 21031 21420 21748 22037 22298 22538 22761 22971 23169 23357 23537 23709 23875 24035 24190 24340 24485 24627 24764 24899 25030 25158 25283 25406 25526 25644 25760 25873 25985 26095 26203 26309 26414 26517 26619 26719 26818 26915 27011 27106 27200 27293 27385 27475 27565 27654 27741 27828 27914 27999 28083 28166 28249 28330 28411 28492 28571 28650 28728
20630 21138 21528 21856 22145 22405 22645 22868 23078 23276 23464 23644 23816 23982 24142 24297 24447 24592 24733 24871 25005 25136 25264 25390 25512 25633 25750 25866 25980 26091 26201 26309 26415 26520 26623 26725 26825 26924 27021 27118 27213 27306 27399 27491 27581 27671 27760 27847 27934 28020 28105 28189 28272 28354 28436 28517 28597 28677 28756 28834
20736 21244 21633 21961 22250 22511 22751 22974 23183 23381 23569 23749 23922 24087 24247 24402 24552 24697 24838 24976 25110 25241 25369 25495 25617 25737 25855 25971 26084 26196 26306 26414 26520 26625 26728 26829 26929 27028 27126 27222 27317 27411 27504 27595 27686 27775 27864 27951 28038 28124 28209 28293 28376 28459 28540 28621 28701 28781 28860 28938
20841 21348 21738 22066 22354 22615 22855 23078 23287 23485 23673 23853 24025 24191 24351 24505 24655 24801 24942 25080 25214 25345 25473 25598 25721 25841 25958 26074 26188 26299 26409 26517 26623 26728 26831 26932 27032 27131 27229 27325 27420 27514 27606 27698 27789 27878 27967 28054 28141 28227 28312 28396 28479 28561 28643 28724 28804 28884 28962 29040
20944 21451 21840 22168 22457 22718 22957 23180 23390 23587 23776 23955 24128 24293 24453 24608 24757 24903 25044 25182 25316 25447 25575 25700 25822 25942 26060 26176 26289 26401 26511 26619 26725 26829 26932 27034 27134 27233 27330 27426 27521 27615 27708 27799 27890 27979 28068 28156 28242 28328 28413 28497 28580 28662 28744 28825 28905 28985 29063 29141
21045 21553 21942 22269 22558 22819 23058 23281 23490 23688 23876 24056 24228 24394 24554 24708 24858 25003 25144 25282 25416 25547 25675 25800 25923 26043 26161 26276 26390 26501 26611 26719 26825 26929 27032 27134 27234 27333 27430 27526 27621 27715 27808 27899 27990 28079 28168 28255 28342 28428 28513 28597 28680 28762 28844 28925 29005 29084 29163 29241
21145 21653 22042 22369 22658 22918 23158 23381 23590 23788 23976 24155 24328 24493 24653 24808 24957 25102 25244 25381 25515 25646 25774 25899 26022 26142 26260 26375 26489 26600 26710 26818 26924 27028 27131 27233 27333 27432 27529 27625 27720 27814 27906 27998 28088 28178 28266 28354 28441 28526 28611 28695 28778 28861 28942 29023 29103 29183 29261 29339
21244 21751 22140 22468 22756 23017 23256 23479 23688 23886 24074 24254 24426 24591 24751 24905 25055 25200 25342 25479 25613 25744 25872 25997 26119 26239 26357 26473 26586 26698 26807 26915 27021 27126 27229 27330 27430 27529 27626 27722 27817 27911 28004 28095 28186 28275 28364 28451 28538 28623 28708 28792 28875 28958 29039 29120 29200 29280 29358 29436
21341 21849 22237 22565 22853 23114 23353 23576 23785 23983 24171 24350 24523 24688 24848 25002 25152 25297 25438 25576 25710 25841 25968 26093 26216 26336 26454 26569 26683 26794 26904 27011 27118 27222 27325 27426 27526 27625 27722 27819 27913 28007 28100 28191 28282 28371 28460 28547 28634 28719 28804 28888 28971 29054 29135 29216 29296 29375 29454 29532
21438 21945 22333 22661 22949 23210 23449 23672 23881 24079 24267 24446 24618 24784 24943 25098 25247 25392 25534 25671 25805 25936 26064 26189 26311 26431 26549 26664 26778 26889 26999 27106 27213 27317 27420 27521 27621 27720 27817 27913 28008 28102 28195 28286 28377 28466 28554 28642 28728 28814 28899 28983 29066 29148 29230 29311 29391 29470 29549 29627
21533 22040 22428 22756 23044 23304 23544 23766 23975 24173 24361 24540 24713 24878 25038 25192 25341 25487 25628 25765 25899 26030 26158 26283 26405 26525 26643 26758 26872 26983 27093 27200 27306 27411 27514 27615 27715 27814 27911 28007 28102 28196 28288 28380 28470 28560 28648 28735 28822 28908 28992 29076 29159 29242 29323 29404 29484 29563 29642 29720
21627 22134 22522 22849 23138 23398 23637 23860 24069 24266 24454 24634 24806 24971 25131 25285 25435 25580 25721 25858 25992 26123 26251 26376 26498 26618 26736 26851 26964 27076 27185 27293 27399 27504 27606 27708 27808 27906 28004 28100 28195 28288 28381 28472 28563 28652 28740 28828 28914 29000 29085 29169 29252 29334 29416 29496 29576 29656 29734 29812
21719 22226 22615 22942 23230 23490 23730 23952 24161 24359 24547 24726 24898 25063 25223 25377 25527 25672 25813 25950 26084 26215 26343 26468 26590 26710 26827 26943 27056 27168 27277 27385 27491 27595 27698 27799 27899 27998 28095 28191 28286 28380 28472 28564 28654 28743 28832 28919 29006 29091 29176 29260 29343 29425 29507 29588 29668 29747 29826 29903
21811 22318 22706 23033 23322 23582 23821 24044 24252 24450 24638 24817 24989 25154 25314 25468 25618 25763 25904 26041 26175 26306 26433 26558 26681 26801 26918 27034 27147 27258 27368 27475 27581 27686 27789 27890 27990 28088 28186 28282 28377 28470 28563 28654 28744 28834 28922 29009 29096 29182 29266 29350 29433 29515 29597 29678 29758 29837 29916 29994
21902 22409 22797 23124 23412 23672 23911 24134 24343 24540 24728 24907 25079 25245 25404 25558 25708 25853 25994 26131 26265 26395 26523 26648 26770 26890 27008 27123 27236 27348 27457 27565 27671 27775 27878 27979 28079 28178 28275 28371 28466 28560 28652 28743 28834 28923 29011 29099 29185 29271 29356 29439 29522 29605 29686 29767 29847 29926 30005 30083
21992 22498 22886 23213 23501 23762 24001 24223 24432 24629 24817 24996 25168 25334 25493 25647 25797 25942 26083 26220 26354 26484 26612 26737 26859 26979 27097 27212 27325 27436 27546 27654 27760 27864 27967 28068 28168 28266 28364 28460 28554 28648 28740 28832 28922 29011 29100 29187 29274 29359 29444 29528 29611 29693 29774 29855 29935 30014 30093 30171
22080 22587 22975 23302 23590 23850 24089 24311 24520 24718 24905 25085 25256 25422 25581 25735 25885 26030 26171 26308 26442 26572 26700 26825 26947 27067 27184 27300 27413 27524 27634 27741 27847 27951 28054 28156 28255 28354 28451 28547 28642 28735 28828 28919 29009 29099 29187 29274 29361 29446 29531 29615 29698 29780 29862 29942 30022 30102 30180 30258
22168 22674 23063 23390 23677 23937 24176 24399 24608 24805 24993 25172 25344 25509 25668 25822 25972 26117 26258 26395 26529 26659 26787 26912 27034 27154 27271 27386 27500 27611 27720 27828 27934 28038 28141 28242 28342 28441 28538 28634 28728 28822 28914 29006 29096 29185 29274 29361 29447 29533 29617 29701 29784 29866 29948 30029 30109 30188 30266 30344
22255 22761 23149 23476 23764 24024 24263 24485 24694 24891 25079 25258 25430 25595 25754 25909 26058 26203 26344 26481 26615 26745 26873 26998 27120 27240 27357 27472 27586 27697 27806 27914 28020 28124 28227 28328 28428 28526 28623 28719 28814 28908 29000 29091 29182 29271 29359 29446 29533 29618 29703 29787 29870 29952 30033 30114 30194 30273 30352 30430
22341 22847 23235 23562 23850 24110 24349 24571 24780 24977 25164 25344 25515 25680 25840 25994 26143 26288 26429 26566 26700 26830 26958 27083 27205 27325 27442 27557 27671 27782 27891 27999 28105 28209 28312 28413 28513 28611 28708 28804 28899 28992 29085 29176 29266 29356 29444 29531 29617 29703 29788 29871 29954 30037 30118 30199 30278 30358 30436 30514
22426 22932 23320 23647 23935 24195 24433 24656 24864 25062 25249 25428 25600 25765 25924 26078 26228 26372 26513 26650 26784 26915 27042 27167 27289 27409 27526 27642 27755 27866 27975 28083 28189 28293 28396 28497 28597 28695 28792 28888 28983 29076 29169 29260 29350 29439 29528 29615 29701 29787 29871 29955 30038 30120 30202 30282 30362 30441 30520 30598
22511 23017 23404 23731 24019 24279 24517 24740 24948 25145 25333 25512 25684 25849 26008 26162 26311 26456 26597 26734 26868 26998 27126 27251 27373 27492 27610 27725 27838 27949 28059 28166 28272 28376 28479 28580 28680 28778 28875 28971 29066 29159 29252 29343 29433 29522 29611 29698 29784 29870 29954 30038 30121 30203 30285 30365 30445 30524 30603 30681
22594 23100 23488 23814 24102 24362 24601 24823 25031 25228 25416 25595 25767 25932 26091 26245 26394 26539 26680 26817 26950 27081 27208 27333 27455 27575 27692 27808 27921 28032 28141 28249 28354 28459 28561 28662 28762 28861 28958 29054 29148 29242 29334 29425 29515 29605 29693 29780 29866 29952 30037 30120 30203 30285 30367 30447 30527 30606 30685 30763
22677 23183 23570 23897 24184 24444 24683 24905 25114 25311 25498 25677 25849 26014 26173 26327 26476 26621 26762 26899 27032 27163 27290 27415 27537 27657 27774 27889 28002 28114 28223 28330 28436 28540 28643 28744 28844 28942 29039 29135 29230 29323 29416 29507 29597 29686 29774 29862 29948 30033 30118 30202 30285 30367 30448 30529 30608 30688 30766 30844
22759 23265 23652 23979 24266 24526 24765 24987 25195 25392 25580 25759 25930 26095 26254 26408 26557 26702 26843 26980 27114 27244 27371 27496 27618 27738 27855 27970 28083 28195 28304 28411 28517 28621 28724 28825 28925 29023 29120 29216 29311 29404 29496 29588 29678 29767 29855 29942 30029 30114 30199 30282 30365 30447 30529 30609 30689 30768 30847 30924
22840 23346 23733 24060 24347 24607 24845 25067 25276 25473 25660 25839 26011 26176 26335 26489 26638 26783 26923 27060 27194 27324 27452 27577 27699 27818 27936 28051 28164 28275 28384 28492 28597 28701 28804 28905 29005 29103 29200 29296 29391 29484 29576 29668 29758 29847 29935 30022 30109 30194 30278 30362 30445 30527 30608 30689 30769 30848 30926 31004
22921 23426 23814 24140 24427 24687 24926 25148 25356 25553 25740 25919 26091 26256 26415 26569 26718 26863 27003 27140 27274 27404 27532 27656 27778 27898 28015 28130 28243 28354 28464 28571 28677 28781 28884 28985 29084 29183 29280 29375 29470 29563 29656 29747 29837 29926 30014 30102 30188 30273 30358 30441 30524 30606 30688 30768 30848 30927 31005 31083
