36679 36410 36163 35903 35768 35489 35198 34896 34664 34429 34111 33872 33553 33236 32923 32769 32399 32100 31808 31593 31312 31034 30896 30620 30343 30062 29761 29469 29173 28947 28720 28415 28111 27704 27555 27263 26983 26784 26537 26313 25994 25905 25750 25624 25523 25329 25257 25222 25204 25215 25125 25208 25264 25400 25569 25627 25793 26035 26300 26373
36581 36341 36090 35894 35690 35406 35067 34758 34600 34280 33955 33709 33382 33058 32738 32580 32268 31964 31667 31377 31088 30803 30661 30378 30093 29805 29586 29363 28969 28661 28427 28114 27801 27492 27339 26931 26643 26439 26183 25952 25797 25533 25371 25239 25133 25087 25007 24818 24797 24805 24849 24766 24844 24979 25146 25344 25309 25546 25807 26091
36491 36245 36053 35786 35577 35287 34984 34670 34509 34183 33803 33552 33217 32884 32556 32394 32075 31763 31458 31234 31013 30722 30428 30137 29844 29548 29398 29093 28784 28469 28133 27811 27569 27250 27014 26708 26415 26159 25890 25645 25426 25282 25116 24848 24762 24688 24602 24545 24382 24383 24415 24484 24561 24550 24715 24860 25020 25111 25373 25659
36436 36185 35990 35719 35507 35211 34903 34584 34421 34090 33754 33500 33163 32771 32521 32273 31948 31631 31321 31168 30868 30571 30351 29977 29679 29377 29224 28913 28598 28277 28035 27690 27362 27037 26797 26485 26186 26042 25651 25400 25177 25028 24897 24749 24495 24418 24329 24268 24242 24102 24131 24198 24273 24369 24379 24567 24726 24963 25077 25291
36361 36170 35904 35626 35408 35105 34788 34461 34294 33955 33610 33351 33005 32746 32406 32154 31763 31437 31118 30961 30652 30347 30120 29818 29514 29283 28963 28644 28319 27989 27823 27488 27154 26715 26468 26147 25915 25691 25411 25155 24799 24694 24508 24353 24225 24008 23934 23861 23822 23817 23699 23763 23809 23929 24084 24120 24224 24454 24710 24841
36380 36122 35852 35569 35347 35038 34682 34346 34175 33827 33473 33207 32941 32588 32239 31980 31642 31310 30985 30759 30440 30126 29893 29659 29347 29030 28790 28464 28039 27700 27529 27185 26841 26500 26332 25890 25569 25338 25049 24783 24602 24309 24114 23951 23817 23758 23655 23435 23392 23384 23398 23302 23366 23483 23635 23770 23769 23997 24253 24535
36325 36060 35782 35491 35263 34946 34616 34360 34099 33745 33344 33162 32798 32436 32077 31812 31465 31209 30873 30626 30301 29981 29748 29427 29105 28779 28530 28195 27939 27594 27235 26882 26528 26178 26005 25665 25337 24984 24758 24477 24222 24051 23851 23547 23437 23342 23232 23149 22957 22947 22957 23006 23068 23000 23139 23312 23463 23534 23722 23997
36294 36024 35741 35444 35212 34889 34638 34293 34028 33667 33302 33119 32752 32338 31974 31704 31438 31089 30748 30495 30164 29837 29675 29274 28945 28612 28443 28102 27756 27404 27138 26680 26320 26052 25787 25440 25106 24945 24517 24230 23969 23793 23635 23452 23162 23063 22949 22862 22821 22655 22661 22708 22745 22848 22835 23005 23103 23320 23410 23684
36256 35979 35687 35382 35143 34896 34553 34199 33926 33556 33182 32994 32617 32243 31873 31689 31274 30915 30564 30304 29963 29709 29458 29123 28786 28364 28190 27838 27481 27120 26846 26571 26204 25733 25461 25105 24761 24595 24278 23983 23590 23466 23241 23049 22888 22680 22552 22451 22385 22362 22219 22246 22296 22395 22530 22544 22640 22853 23097 23214
36236 35953 35656 35345 35101 34827 34476 34111 33832 33452 33068 32876 32490 32106 31727 31539 31167 30803 30444 30118 29854 29505 29244 28898 28551 28200 28023 27664 27210 26838 26650 26274 25897 25523 25246 24864 24507 24249 23921 23617 23406 23086 22852 22650 22480 22405 22273 22026 21955 21934 21923 21952 21853 21920 22042 22197 22183 22392 22568 22831
36219 35931 35628 35311 35147 34806 34451 34084 33802 33386 33094 32800 32408 32019 31633 31442 31064 30692 30327 30147 29790 29370 29105 28751 28396 28128 27857 27491 27120 26651 26461 26078 25695 25314 25126 24755 24284 24021 23688 23452 23161 22962 22598 22390 22255 22136 21998 21887 21675 21652 21637 21663 21690 21628 21745 21897 22032 22031 22260 22519
36198 35902 35591 35265 35096 34746 34381 34004 33715 33421 33026 32727 32329 31891 31496 31300 30913 30532 30156 29971 29603 29239 28967 28625 28260 27891 27611 27234 26853 26564 26273 25788 25396 25006 24813 24434 24065 23885 23428 23102 22801 22595 22407 22184 21866 21741 21595 21503 21414 21235 21215 21235 21259 21337 21303 21448 21532 21725 21793 22046
36179 35874 35555 35220 35046 34687 34313 33927 33730 33331 32926 32621 32215 31810 31509 31210 30769 30378 29992 29801 29422 29047 28860 28487 28113 27660 27372 27081 26690 26295 25997 25598 25300 24804 24507 24119 23741 23558 23204 22872 22449 22305 22041 21809 21610 21394 21234 21100 21004 20959 20797 20801 20829 20900 20977 20958 21076 21261 21478 21500
36167 35858 35532 35192 35015 34633 34250 33856 33654 33246 32833 32522 32107 31796 31386 31080 30677 30280 29985 29640 29250 28863 28670 28285 27899 27510 27314 26920 26438 26033 25727 25421 25013 24608 24307 23810 23519 23236 22873 22532 22293 21953 21679 21438 21230 21137 20972 20699 20595 20559 20517 20516 20386 20441 20531 20654 20768 20741 20941 21173
36158 35843 35513 35166 34987 34616 34231 33833 33631 33194 32776 32460 32144 31725 31308 30998 30589 30286 29885 29588 29194 28745 28548 28154 27760 27363 27164 26762 26356 25862 25655 25240 24826 24415 24109 23808 23312 23024 22656 22393 22064 21836 21440 21192 21028 20881 20710 20565 20345 20282 20236 20230 20241 20144 20228 20346 20417 20421 20614 20840
36153 35830 35490 35135 34952 34573 34179 33772 33565 33146 32722 32402 32053 31625 31200 30883 30569 30154 29743 29438 29033 28731 28430 27966 27559 27150 26944 26531 26114 25695 25484 24975 24551 24130 23921 23509 23107 22814 22425 22062 21723 21488 21269 21007 20651 20497 20358 20195 20070 19864 19809 19794 19802 19844 19767 19844 19940 20094 20110 20269
36158 35826 35479 35208 34927 34539 34137 33722 33510 33083 32650 32433 31998 31564 31132 30918 30456 30031 29610 29296 28984 28569 28259 27845 27430 27051 26733 26308 25880 25557 25234 24802 24371 23959 23638 23216 22804 22603 22213 21843 21384 21220 20914 20640 20399 20162 19963 19790 19655 19603 19532 19353 19353 19374 19433 19363 19449 19553 19719 19919
36168 35831 35478 35202 34917 34518 34106 33789 33467 33030 32588 32367 31923 31480 31040 30821 30385 29954 29526 29270 28843 28416 28096 27670 27349 26920 26597 26164 25763 25322 24991 24548 24217 23778 23452 22927 22609 22298 21897 21516 21159 20876 20558 20272 20019 19904 19697 19379 19234 19177 19096 19055 18896 18909 18956 19035 19086 19039 19192 19379
36185 35842 35483 35203 34913 34513 34099 33779 33455 33001 32553 32329 31879 31430 30983 30761 30319 29881 29445 29229 28797 28318 27992 27666 27231 26793 26464 26133 25690 25170 24832 24495 24046 23600 23268 22940 22413 22097 21688 21299 21023 20761 20320 20025 19826 19645 19430 19242 18985 18890 18801 18752 18743 18593 18631 18681 18748 18865 18832 18961
36222 35870 35595 35214 34918 34509 34084 33758 33426 32977 32523 32295 31839 31362 30906 30679 30227 29778 29331 29109 28666 28223 28002 27507 27059 26609 26384 25931 25476 25020 24791 24254 23794 23337 23109 22660 22219 21897 21480 21073 20689 20418 20163 19851 19445 19254 19081 18872 18701 18455 18375 18304 18277 18272 18127 18175 18231 18304 18429 18397
36272 35911 35629 35239 34936 34516 34192 33749 33409 32950 32603 32254 31788 31323 30975 30629 30142 29682 29339 28997 28542 28087 27860 27405 26948 26490 26200 25735 25268 24800 24566 24097 23629 23078 22845 22384 21931 21709 21276 20860 20356 20167 19810 19484 19191 19057 18677 18456 18272 18196 18076 17842 17815 17787 17794 17659 17687 17764 17871 18013
36314 35947 35660 35263 34954 34536 34204 33750 33403 32934 32579 32222 31746 31270 30915 30560 30090 29623 29274 28891 28424 27957 27724 27256 26787 26317 26081 25608 25066 24706 24346 23865 23385 23027 22671 22111 21646 21417 20971 20542 20135 19941 19456 19116 18808 18667 18408 18037 17885 17758 17624 17531 17341 17299 17290 17303 17333 17214 17303 17392
36361 36083 35696 35293 34979 34655 34211 33753 33404 33048 32568 32206 31723 31360 30879 30519 30042 29685 29212 28858 28386 27993 27636 27160 26682 26324 25964 25483 25000 24568 24201 23712 23225 22860 22498 22021 21574 21224 20768 20330 20016 19715 19338 18870 18629 18407 18138 17955 17600 17465 17322 17242 17183 16972 16954 16956 16977 17029 16898 16999
36443 36158 35760 35347 35025 34693 34237 33769 33411 33049 32561 32194 31703 31323 30831 30462 30095 29608 29123 28760 28397 27913 27550 27066 26652 26161 25792 25299 24927 24431 24058 23686 23112 22613 22242 21873 21389 21032 20467 20126 19689 19378 19081 18713 18251 18017 17802 17541 17314 17217 16905 16778 16708 16657 16449 16433 16436 16461 16516 16404
36536 36243 35836 35411 35081 34741 34274 33794 33550 33056 32557 32181 31804 31302 30802 30428 30036 29537 29039 28791 28295 27798 27426 27053 26555 26055 25624 25245 24737 24229 23974 23465 22956 22368 22114 21610 21112 20745 20385 19919 19365 19149 18736 18352 18001 17838 17404 17129 16888 16784 16607 16317 16260 16171 16114 16085 15903 15907 15940 15986
36569 36274 35863 35459 35236 34777 34303 33815 33567 33066 32559 32177 31794 31284 30776 30523 30017 29514 28986 28734 28229 27724 27345 26965 26459 25951 25697 25128 24613 24096 23837 23319 22802 22287 22031 21435 20929 20679 20189 19714 19258 18930 18507 18113 17752 17584 17273 16857 16665 16498 16312 16164 15950 15849 15780 15745 15726 15539 15550 15592
36773 36373 35951 35511 35285 34818 34335 33839 33587 33085 32566 32305 31783 31261 30741 30482 29964 29449 28935 28678 28165 27615 27356 26837 26317 25797 25536 25013 24489 23963 23632 23102 22573 22177 21783 21261 20747 20400 19896 19408 19054 18712 18280 17759 17474 17208 16882 16658 16252 16074 15920 15748 15642 15372 15303 15234 15199 15177 14985 15004
36889 36479 36046 35595 35363 34884 34389 33881 33623 33101 32574 32309 31779 31243 30711 30445 29916 29388 28861 28598 28072 27545 27281 26753 26179 25645 25378 24842 24305 23901 23497 22959 22345 21940 21537 21003 20607 20215 19703 19229 18742 18390 18053 17628 17115 16838 16580 16264 15981 15855 15494 15306 15226 15089 14980 14731 14695 14641 14613 14423
37012 36591 36148 35685 35447 34956 34448 33928 33663 33129 32589 32318 31776 31233 30693 30423 29871 29331 28926 28522 27982 27442 27171 26630 26088 25681 25222 24673 24260 23709 23296 22745 22332 21784 21293 20883 20342 19941 19547 19033 18435 18193 17726 17288 16880 16689 16208 15879 15583 15450 15215 14875 14787 14632 14505 14425 14192 14116 14074 14045
37055 36630 36183 35717 35506 35006 34491 33961 33693 33150 32602 32327 31776 31226 30814 30403 29857 29312 28884 28473 27924 27512 27100 26549 26136 25585 25171 24617 24143 23583 23163 22744 22185 21628 21351 20717 20167 19896 19360 18839 18334 18090 17513 17066 16650 16454 16087 15628 15396 15186 14942 14783 14501 14335 14228 14105 14028 13794 13720 13675
37184 36749 36291 35813 35566 35059 34535 34132 33724 33185 32624 32343 31779 31217 30796 30376 29818 29400 28843 28426 28008 27419 26996 26431 26008 25443 25019 24594 24026 23458 23109 22537 21967 21398 21115 20552 19995 19632 19086 18553 18036 17786 17303 16741 16416 16109 15729 15466 15020 14801 14604 14373 14222 14086 13781 13638 13575 13463 13204 13134
37317 36871 36402 35912 35660 35140 34603 34192 33774 33210 32783 32355 31784 31356 30782 30353 29782 29355 28786 28359 27931 27359 26929 26499 25884 25305 25015 24435 23854 23273 22982 22402 21752 21317 20883 20309 19741 19460 18907 18274 17877 17491 16997 16644 16199 15776 15479 15112 14777 14625 14223 13978 13868 13667 13491 13188 13115 12982 12870 12635
37452 36996 36516 36142 35756 35224 34675 34254 33827 33251 32815 32378 31794 31357 30776 30341 29906 29316 28734 28443 27859 27274 26980 26392 25803 25216 24921 24281 23686 23241 22795 22203 21612 21171 20657 20073 19638 19208 18644 18230 17600 17206 16825 16339 15882 15666 15149 14770 14424 14266 13977 13660 13481 13265 13119 12940 12819 12557 12419 12305
37498 37038 36555 36178 35789 35282 34866 34298 33864 33427 32838 32395 31804 31361 30771 30330 29890 29304 28718 28407 27815 27220 26922 26324 25726 25129 24830 24231 23578 23126 22674 22073 21624 21028 20584 20067 19480 19045 18616 18055 17510 17244 16636 16143 15679 15458 15042 14550 14282 14035 13738 13538 13356 13007 12852 12663 12574 12266 12114 11987
37636 37166 36672 36286 35889 35341 34919 34343 33903 33460 32877 32425 31973 31371 30770 30470 29872 29274 28675 28376 27774 27170 26841 26229 25616 25158 24698 24085 23626 23014 22498 22038 21428 20821 20519 19919 19326 18956 18373 17802 17247 16977 16452 15859 15500 15158 14731 14432 14063 13701 13467 13184 13054 12813 12469 12263 12166 11985 11821 11566
37776 37296 36791 36398 35992 35432 35001 34414 33966 33513 32906 32448 31991 31381 30776 30471 29861 29252 28641 28335 27721 27103 26793 26170 25515 25046 24575 24105 23478 22853 22541 21920 21241 20623 20316 19707 19104 18806 18217 17562 17137 16722 16187 15802 15313 14872 14540 14127 13748 13572 13140 12846 12709 12456 12224 11938 11781 11583 11446 11281
37871 37429 37044 36512 36098 35672 35088 34489 34186 33573 32954 32644 32024 31404 30785 30476 29859 29239 28773 28305 27677 27204 26728 26092 25613 24977 24499 23982 23341 22703 22385 21751 21122 20653 20187 19506 19047 18592 17994 17554 16979 16481 16070 15543 15044 14805 14351 13836 13541 13265 12931 12702 12382 12117 11932 11700 11536 11257 11058 10879
37966 37473 37087 36551 36134 35740 35149 34543 34236 33616 32991 32677 32050 31423 30798 30486 29862 29238 28768 28291 27655 27175 26693 26208 25560 24913 24590 23943 23256 22609 22287 21646 21009 20535 20064 19442 18916 18457 18003 17408 16828 16544 15912 15379 14872 14630 14169 13742 13349 13069 12810 12494 12276 11967 11711 11471 11357 11138 10814 10671
38112 37610 37216 36671 36246 35810 35212 34600 34289 33662 33052 32734 32097 31461 30985 30510 29876 29400 28763 28284 27801 27152 26650 26154 25491 24829 24498 23837 23178 22686 22196 21499 21013 20370 19892 19418 18792 18329 17807 17203 16613 16324 15761 15221 14753 14378 13907 13575 13164 12880 12520 12195 12043 11760 11393 11205 11025 10796 10634 10320
38261 37751 37350 36795 36364 35920 35313 34691 34376 33739 33099 32777 32135 31493 31028 30546 29903 29420 28773 28284 27792 27131 26797 26127 25454 24760 24422 23746 23073 22570 22071 21575 20919 20221 19897 19255 18620 18306 17685 17014 16563 16120 15547 15131 14599 14218 13775 13318 12897 12700 12335 11910 11754 11462 11258 11000 10714 10536 10310 10102
38363 37847 37443 36882 36592 35998 35384 34756 34438 33796 33150 32826 32178 31530 31046 30561 30091 29441 28787 28458 27795 27125 26787 26107 25424 24741 24400 23694 23182 22503 21997 21495 20832 20175 19804 19156 18515 18198 17571 16955 16501 15993 15556 14991 14451 14191 13618 13154 12726 12526 12154 11899 11569 11272 11064 10802 10677 10337 10108 9896
38467 37947 37538 36971 36679 36079 35499 34862 34540 33890 33236 32908 32252 31761 31106 30616 30125 29469 28808 28476 27813 27130 26786 26091 25392 24869 24346 23650 23130 22415 22072 21390 20715 20049 19719 19064 18533 18050 17413 16943 16326 15873 15369 14792 14239 13974 13467 12995 12584 12274 11985 11632 11388 11071 10786 10519 10391 10146 9821 9659
38628 38235 37686 37112 36816 36207 35580 34939 34614 33959 33464 33002 32339 31843 31181 30685 30189 29524 28854 28516 27835 27144 26794 26093 25557 24843 24308 23775 23068 22367 22019 21302 20617 20109 19605 18941 18448 17960 17432 16793 16165 15856 15251 14665 14177 13766 13247 12880 12426 12213 11735 11374 11207 10894 10606 10316 10121 9935 9699 9394
38794 38397 37841 37259 36960 36344 35710 35225 34733 34071 33572 33071 32571 31904 31239 30935 30266 29594 28915 28572 27880 27353 26820 26102 25559 24833 24469 23742 23021 22307 21953 21252 20732 20018 19507 19001 18333 18002 17347 16700 16017 15702 15084 14633 14052 13634 13168 12662 12197 11980 11575 11217 10958 10641 10420 10145 9932 9683 9449 9232
38907 38507 37947 37361 37059 36440 35801 35312 34818 34151 33649 33146 32642 31972 31302 30966 30295 29647 29135 28617 27917 27385 26846 26301 25568 24833 24466 23729 22999 22456 21918 21209 20684 19992 19649 18941 18266 17932 17269 16615 16131 15608 14981 14523 13932 13647 13102 12524 12166 11831 11421 11139 10800 10557 10258 9983 9852 9526 9295 9133
39022 38620 38056 37466 37163 36539 35896 35452 34953 34450 33774 33267 32759 32083 31407 31068 30390 29707 29190 28668 28165 27445 26896 26341 25594 24844 24470 23724 22985 22428 21881 21340 20628 19926 19578 18889 18181 17841 17167 16667 16008 15521 15042 14370 13765 13473 12914 12392 11962 11621 11303 10915 10735 10404 10029 9821 9624 9379 9138 8926
39201 38795 38226 37631 37325 36696 36047 35552 35050 34544 33865 33354 32889 32207 31525 31184 30499 29982 29286 28757 28220 27493 27124 26397 25636 24872 24491 23731 23166 22420 21868 21315 20592 19879 19526 18827 18307 17791 17084 16574 15902 15569 14915 14277 13767 13315 12742 12338 11836 11602 11102 10706 10524 10189 9887 9610 9416 9234 9009 8803
39389 38979 38406 37807 37498 36864 36375 35711 35205 34695 34011 33668 32983 32297 31783 31313 30622 30099 29395 29039 28316 27578 27203 26443 25673 25093 24528 23756 23181 22424 22049 21308 20579 20033 19495 18785 18258 17733 17212 16523 15814 15475 14805 14314 13678 13219 12731 12173 11660 11421 10978 10613 10331 9991 9761 9481 9352 9052 8834 8685
39585 39108 38532 37929 37619 36982 36491 35823 35315 34803 34116 33771 33082 32393 31876 31359 30666 30142 29476 29117 28387 27642 27264 26496 25717 25131 24545 23976 23201 22436 22058 21311 20574 20029 19489 18947 18235 17882 17178 16480 15789 15447 14742 14243 13597 13285 12684 12073 11678 11311 10862 10554 10271 9952 9640 9361 9233 8942 8781 8588
39786 39240 38662 38211 37745 37105 36612 36002 35662 34975 34283 33936 33242 32548 32027 31505 30981 30276 29562 29200 28465 27750 27366 26587 25994 25200 24604 24012 23229 22457 22087 21329 20769 20031 19666 18940 18221 17858 17142 16431 15901 15376 14858 14151 13490 13170 12556 11981 11581 11161 10813 10390 10195 9840 9474 9264 9072 8897 8686 8461
39996 39448 38866 38412 37944 37299 36803 36128 35786 35096 34401 34052 33413 32714 32189 31663 31134 30423 29701 29335 28591 28021 27442 26655 26090 25283 24880 24077 23284 22696 22115 21541 20797 20050 19680 18945 18215 17852 17128 16579 15858 15501 14793 14100 13594 13073 12445 12001 11450 11194 10675 10245 10048 9689 9449 9120 8992 8762 8562 8429
40214 39664 39079 38623 38152 37668 37005 36325 35981 35286 34587 34236 33534 33007 32303 31774 31298 30580 29851 29481 28728 28151 27564 26967 26160 25345 24970 24156 23352 22757 22169 21589 20825 20072 19710 18965 18410 17856 17304 16569 15839 15466 14744 14036 13519 13018 12536 11898 11336 11076 10594 10263 9918 9642 9316 9034 8909 8648 8503 8336
40289 39738 39152 38768 38296 37810 37145 36462 36117 35419 34716 34364 33658 33129 32422 32067 31355 30635 30141 29584 28825 28244 27652 27050 26235 25413 25002 24185 23607 22806 22213 21628 20859 20289 19724 18987 18426 17867 17308 16566 15826 15458 14719 14179 13477 13137 12481 11867 11407 11007 10520 10185 9879 9564 9238 8958 8833 8614 8442 8284
40518 39964 39377 38918 38444 37956 37288 36603 36256 35625 35095 34563 33853 33319 32607 32250 31531 30804 30251 29690 29118 28389 27991 27181 26355 25731 25107 24280 23666 22859 22487 21698 20920 20344 19772 19203 18448 18072 17327 16571 16006 15443 14885 14154 13428 13080 12412 11786 11350 10918 10543 10084 9874 9494 9135 8922 8736 8573 8390 8222
40752 40198 39608 39147 38671 38181 37510 36821 36472 35767 35234 34700 34165 33517 32799 32439 31715 30981 30423 29856 29278 28491 28089 27272 26484 25852 25220 24592 23763 22947 22545 21749 21187 20409 19831 19256 18491 18109 17345 16588 16013 15440 14872 14127 13402 13037 12357 11875 11277 11000 10489 9999 9787 9403 9152 8864 8712 8497 8325 8220
40911 40356 39915 39303 38826 38335 37661 36970 36619 35912 35377 34840 34303 33585 32865 32504 31841 31289 30541 29970 29388 28595 28190 27367 26529 25894 25300 24667 23832 23011 22606 21805 21213 20433 20069 19296 18525 18139 17368 16789 16024 15637 14870 14115 13562 13026 12496 11840 11237 10957 10441 10086 9736 9442 9099 8812 8688 8455 8327 8192
41072 40515 40075 39461 39062 38569 37892 37372 36845 36134 35596 35056 34514 33792 33067 32703 31970 31414 30662 30340 29559 28757 28348 27515 26880 26025 25596 24745 23942 23318 22703 22096 21298 20510 20119 19340 18778 18192 17410 16822 16039 15648 14874 14297 13544 12999 12473 11811 11334 10902 10506 10021 9692 9375 9031 8811 8624 8465 8282 8160
41314 40757 40316 39701 39383 38727 38048 37527 36998 36464 35819 35276 34732 34004 33457 32907 32168 31608 30848 30462 29676 28868 28511 27669 27026 26161 25728 24867 24018 23391 22772 22195 21390 20594 20199 19412 18822 18231 17658 16863 16068 15671 14882 14298 13536 13164 12447 11776 11307 10872 10459 9968 9742 9336 9072 8755 8570 8417 8257 8161
