25000 25000 9702000
75000 25000 9702000
125000 25000 9702000
175000 25000 9702000
225000 25000 9702000
275000 25000 9702000
325000 25000 9702000
375000 25000 9702000
425000 25000 9702000
475000 25000 9702000
525000 25000 9702000
575000 25000 9702000
625000 25000 9702000
675000 25000 9702000
725000 25000 9702000
775000 25000 9702000
825000 25000 9702000
875000 25000 9702000
925000 25000 9702000
975000 25000 9702000
25000 75000 9702000
75000 75000 9702000
125000 75000 9702000
175000 75000 9702000
225000 75000 9702000
275000 75000 9702000
325000 75000 9702000
375000 75000 9702000
425000 75000 9702000
475000 75000 9702000
525000 75000 9702000
575000 75000 9702000
625000 75000 9702000
675000 75000 9702000
725000 75000 9702000
775000 75000 9702000
825000 75000 9702000
875000 75000 9702000
925000 75000 9702000
975000 75000 9702000
25000 125000 9702000
75000 125000 9702000
125000 125000 9702000
175000 125000 9702000
225000 125000 9702000
275000 125000 9702000
325000 125000 9702000
375000 125000 9702000
425000 125000 9702000
475000 125000 9702000
525000 125000 9702000
575000 125000 9702000
625000 125000 9702000
675000 125000 9702000
725000 125000 9702000
775000 125000 9702000
825000 125000 9702000
875000 125000 9702000
925000 125000 9702000
975000 125000 9702000
25000 175000 9702000
75000 175000 9702000
125000 175000 9702000
175000 175000 9702000
225000 175000 9702000
275000 175000 9702000
325000 175000 9702000
375000 175000 9702000
425000 175000 9702000
475000 175000 9702000
525000 175000 9702000
575000 175000 9702000
625000 175000 9702000
675000 175000 9702000
725000 175000 9702000
775000 175000 9702000
825000 175000 9702000
875000 175000 9702000
925000 175000 9702000
975000 175000 9702000
25000 225000 9702000
75000 225000 9702000
125000 225000 9702000
175000 225000 9702000
225000 225000 9702000
275000 225000 9702000
325000 225000 9702000
375000 225000 9702000
425000 225000 9702000
475000 225000 9702000
525000 225000 9702000
575000 225000 9702000
625000 225000 9702000
675000 225000 9702000
725000 225000 9702000
775000 225000 9702000
825000 225000 9702000
875000 225000 9702000
925000 225000 9702000
975000 225000 9702000
25000 275000 9702000
75000 275000 9702000
125000 275000 9702000
175000 275000 9702000
225000 275000 9702000
275000 275000 9702000
325000 275000 9702000
375000 275000 9702000
425000 275000 9702000
475000 275000 9702000
525000 275000 9702000
575000 275000 9702000
625000 275000 9702000
675000 275000 9702000
725000 275000 9702000
775000 275000 9702000
825000 275000 9702000
875000 275000 9702000
925000 275000 9702000
975000 275000 9702000
25000 325000 9702000
75000 325000 9702000
125000 325000 9702000
175000 325000 9702000
225000 325000 9702000
275000 325000 9702000
325000 325000 9702000
375000 325000 9702000
425000 325000 9702000
475000 325000 9702000
525000 325000 9702000
575000 325000 9702000
625000 325000 9702000
675000 325000 9702000
725000 325000 9702000
775000 325000 9702000
825000 325000 9702000
875000 325000 9702000
925000 325000 9702000
975000 325000 9702000
25000 375000 9702000
75000 375000 9702000
125000 375000 9702000
175000 375000 9702000
225000 375000 9702000
275000 375000 9702000
325000 375000 9702000
375000 375000 9702000
425000 375000 9702000
475000 375000 9702000
525000 375000 9702000
575000 375000 9702000
625000 375000 9702000
675000 375000 9702000
725000 375000 9702000
775000 375000 9702000
825000 375000 9702000
875000 375000 9702000
925000 375000 9702000
975000 375000 9702000
25000 425000 9702000
75000 425000 9702000
125000 425000 9702000
175000 425000 9702000
225000 425000 9702000
275000 425000 9702000
325000 425000 9702000
375000 425000 9702000
425000 425000 9702000
475000 425000 9702000
525000 425000 9702000
575000 425000 9702000
625000 425000 9702000
675000 425000 9702000
725000 425000 9702000
775000 425000 9702000
825000 425000 9702000
875000 425000 9702000
925000 425000 9702000
975000 425000 9702000
25000 475000 9702000
75000 475000 9702000
125000 475000 9702000
175000 475000 9702000
225000 475000 9702000
275000 475000 9702000
325000 475000 9702000
375000 475000 9702000
425000 475000 9702000
475000 475000 9702000
525000 475000 9702000
575000 475000 9702000
625000 475000 9702000
675000 475000 9702000
725000 475000 9702000
775000 475000 9702000
825000 475000 9702000
875000 475000 9702000
925000 475000 9702000
975000 475000 9702000
25000 525000 9702000
75000 525000 9702000
125000 525000 9702000
175000 525000 9702000
225000 525000 9702000
275000 525000 9702000
325000 525000 9702000
375000 525000 9702000
425000 525000 9702000
475000 525000 9702000
525000 525000 9702000
575000 525000 9702000
625000 525000 9702000
675000 525000 9702000
725000 525000 9702000
775000 525000 9702000
825000 525000 9702000
875000 525000 9702000
925000 525000 9702000
975000 525000 9702000
25000 575000 9702000
75000 575000 9702000
125000 575000 9702000
175000 575000 9702000
225000 575000 9702000
275000 575000 9702000
325000 575000 9702000
375000 575000 9702000
425000 575000 9702000
475000 575000 9702000
525000 575000 9702000
575000 575000 9702000
625000 575000 9702000
675000 575000 9702000
725000 575000 9702000
775000 575000 9702000
825000 575000 9702000
875000 575000 9702000
925000 575000 9702000
975000 575000 9702000
25000 625000 9702000
75000 625000 9702000
125000 625000 9702000
175000 625000 9702000
225000 625000 9702000
275000 625000 9702000
325000 625000 9702000
375000 625000 9702000
425000 625000 9702000
475000 625000 9702000
525000 625000 9702000
575000 625000 9702000
625000 625000 9702000
675000 625000 9702000
725000 625000 9702000
775000 625000 9702000
825000 625000 9702000
875000 625000 9702000
925000 625000 9702000
975000 625000 9702000
25000 675000 9702000
75000 675000 9702000
125000 675000 9702000
175000 675000 9702000
225000 675000 9702000
275000 675000 9702000
325000 675000 9702000
375000 675000 9702000
425000 675000 9702000
475000 675000 9702000
525000 675000 9702000
575000 675000 9702000
625000 675000 9702000
675000 675000 9702000
725000 675000 9702000
775000 675000 9702000
825000 675000 9702000
875000 675000 9702000
925000 675000 9702000
975000 675000 9702000
25000 725000 9702000
75000 725000 9702000
125000 725000 9702000
175000 725000 9702000
225000 725000 9702000
275000 725000 9702000
325000 725000 9702000
375000 725000 9702000
425000 725000 9702000
475000 725000 9702000
525000 725000 9702000
575000 725000 9702000
625000 725000 9702000
675000 725000 9702000
725000 725000 9702000
775000 725000 9702000
825000 725000 9702000
875000 725000 9702000
925000 725000 9702000
975000 725000 9702000
25000 775000 9702000
75000 775000 9702000
125000 775000 9702000
175000 775000 9702000
225000 775000 9702000
275000 775000 9702000
325000 775000 9702000
375000 775000 9702000
425000 775000 9702000
475000 775000 9702000
525000 775000 9702000
575000 775000 9702000
625000 775000 9702000
675000 775000 9702000
725000 775000 9702000
775000 775000 9702000
825000 775000 9702000
875000 775000 9702000
925000 775000 9702000
975000 775000 9702000
25000 825000 9702000
75000 825000 9702000
125000 825000 9702000
175000 825000 9702000
225000 825000 9702000
275000 825000 9702000
325000 825000 9702000
375000 825000 9702000
425000 825000 9702000
475000 825000 9702000
525000 825000 9702000
575000 825000 9702000
625000 825000 9702000
675000 825000 9702000
725000 825000 9702000
775000 825000 9702000
825000 825000 9702000
875000 825000 9702000
925000 825000 9702000
975000 825000 9702000
25000 875000 9702000
75000 875000 9702000
125000 875000 9702000
175000 875000 9702000
225000 875000 9702000
275000 875000 9702000
325000 875000 9702000
375000 875000 9702000
425000 875000 9702000
475000 875000 9702000
525000 875000 9702000
575000 875000 9702000
625000 875000 9702000
675000 875000 9702000
725000 875000 9702000
775000 875000 9702000
825000 875000 9702000
875000 875000 9702000
925000 875000 9702000
975000 875000 9702000
25000 925000 9702000
75000 925000 9702000
125000 925000 9702000
175000 925000 9702000
225000 925000 9702000
275000 925000 9702000
325000 925000 9702000
375000 925000 9702000
425000 925000 9702000
475000 925000 9702000
525000 925000 9702000
575000 925000 9702000
625000 925000 9702000
675000 925000 9702000
725000 925000 9702000
775000 925000 9702000
825000 925000 9702000
875000 925000 9702000
925000 925000 9702000
975000 925000 9702000
25000 975000 9702000
75000 975000 9702000
125000 975000 9702000
175000 975000 9702000
225000 975000 9702000
275000 975000 9702000
325000 975000 9702000
375000 975000 9702000
425000 975000 9702000
475000 975000 9702000
525000 975000 9702000
575000 975000 9702000
625000 975000 9702000
675000 975000 9702000
725000 975000 9702000
775000 975000 9702000
825000 975000 9702000
875000 975000 9702000
925000 975000 9702000
975000 975000 9702000
