4.000000000000000000e+01 7.300000000000000000e+01 1.000000000000000000e+17
4.000000000000000000e+01 7.400000000000000000e+01 1.000000000000000000e+17
4.000000000000000000e+01 7.500000000000000000e+01 1.000000000000000000e+17
4.000000000000000000e+01 7.600000000000000000e+01 1.000000000000000000e+17
4.000000000000000000e+01 7.700000000000000000e+01 1.000000000000000000e+17
4.000000000000000000e+01 7.800000000000000000e+01 1.000000000000000000e+17
4.000000000000000000e+01 7.900000000000000000e+01 1.000000000000000000e+17
4.000000000000000000e+01 8.000000000000000000e+01 1.000000000000000000e+17
4.000000000000000000e+01 8.100000000000000000e+01 1.000000000000000000e+17
4.000000000000000000e+01 8.200000000000000000e+01 1.000000000000000000e+17
4.111111111111111427e+01 7.300000000000000000e+01 1.000000000000000000e+17
4.111111111111111427e+01 7.400000000000000000e+01 1.000000000000000000e+17
4.111111111111111427e+01 7.500000000000000000e+01 1.000000000000000000e+17
4.111111111111111427e+01 7.600000000000000000e+01 1.000000000000000000e+17
4.111111111111111427e+01 7.700000000000000000e+01 1.000000000000000000e+17
4.111111111111111427e+01 7.800000000000000000e+01 1.000000000000000000e+17
4.111111111111111427e+01 7.900000000000000000e+01 1.000000000000000000e+17
4.111111111111111427e+01 8.000000000000000000e+01 1.000000000000000000e+17
4.111111111111111427e+01 8.100000000000000000e+01 1.000000000000000000e+17
4.111111111111111427e+01 8.200000000000000000e+01 1.000000000000000000e+17
4.222222222222222143e+01 7.300000000000000000e+01 1.000000000000000000e+17
4.222222222222222143e+01 7.400000000000000000e+01 1.000000000000000000e+17
4.222222222222222143e+01 7.500000000000000000e+01 1.000000000000000000e+17
4.222222222222222143e+01 7.600000000000000000e+01 1.000000000000000000e+17
4.222222222222222143e+01 7.700000000000000000e+01 1.000000000000000000e+17
4.222222222222222143e+01 7.800000000000000000e+01 1.000000000000000000e+17
4.222222222222222143e+01 7.900000000000000000e+01 1.000000000000000000e+17
4.222222222222222143e+01 8.000000000000000000e+01 1.000000000000000000e+17
4.222222222222222143e+01 8.100000000000000000e+01 1.000000000000000000e+17
4.222222222222222143e+01 8.200000000000000000e+01 1.000000000000000000e+17
4.333333333333333570e+01 7.300000000000000000e+01 1.000000000000000000e+17
4.333333333333333570e+01 7.400000000000000000e+01 1.000000000000000000e+17
4.333333333333333570e+01 7.500000000000000000e+01 1.000000000000000000e+17
4.333333333333333570e+01 7.600000000000000000e+01 1.000000000000000000e+17
4.333333333333333570e+01 7.700000000000000000e+01 1.000000000000000000e+17
4.333333333333333570e+01 7.800000000000000000e+01 1.000000000000000000e+17
4.333333333333333570e+01 7.900000000000000000e+01 1.000000000000000000e+17
4.333333333333333570e+01 8.000000000000000000e+01 1.000000000000000000e+17
4.333333333333333570e+01 8.100000000000000000e+01 1.000000000000000000e+17
4.333333333333333570e+01 8.200000000000000000e+01 1.000000000000000000e+17
4.444444444444444287e+01 7.300000000000000000e+01 1.000000000000000000e+17
4.444444444444444287e+01 7.400000000000000000e+01 1.000000000000000000e+17
4.444444444444444287e+01 7.500000000000000000e+01 1.000000000000000000e+17
4.444444444444444287e+01 7.600000000000000000e+01 1.000000000000000000e+17
4.444444444444444287e+01 7.700000000000000000e+01 1.000000000000000000e+17
4.444444444444444287e+01 7.800000000000000000e+01 1.000000000000000000e+17
4.444444444444444287e+01 7.900000000000000000e+01 1.000000000000000000e+17
4.444444444444444287e+01 8.000000000000000000e+01 1.000000000000000000e+17
4.444444444444444287e+01 8.100000000000000000e+01 1.000000000000000000e+17
4.444444444444444287e+01 8.200000000000000000e+01 1.000000000000000000e+17
4.555555555555555713e+01 7.300000000000000000e+01 1.000000000000000000e+17
4.555555555555555713e+01 7.400000000000000000e+01 1.000000000000000000e+17
4.555555555555555713e+01 7.500000000000000000e+01 1.000000000000000000e+17
4.555555555555555713e+01 7.600000000000000000e+01 1.000000000000000000e+17
4.555555555555555713e+01 7.700000000000000000e+01 1.000000000000000000e+17
4.555555555555555713e+01 7.800000000000000000e+01 1.000000000000000000e+17
4.555555555555555713e+01 7.900000000000000000e+01 1.000000000000000000e+17
4.555555555555555713e+01 8.000000000000000000e+01 1.000000000000000000e+17
4.555555555555555713e+01 8.100000000000000000e+01 1.000000000000000000e+17
4.555555555555555713e+01 8.200000000000000000e+01 1.000000000000000000e+17
4.666666666666666430e+01 7.300000000000000000e+01 1.000000000000000000e+17
4.666666666666666430e+01 7.400000000000000000e+01 1.000000000000000000e+17
4.666666666666666430e+01 7.500000000000000000e+01 1.000000000000000000e+17
4.666666666666666430e+01 7.600000000000000000e+01 1.000000000000000000e+17
4.666666666666666430e+01 7.700000000000000000e+01 1.000000000000000000e+17
4.666666666666666430e+01 7.800000000000000000e+01 1.000000000000000000e+17
4.666666666666666430e+01 7.900000000000000000e+01 1.000000000000000000e+17
4.666666666666666430e+01 8.000000000000000000e+01 1.000000000000000000e+17
4.666666666666666430e+01 8.100000000000000000e+01 1.000000000000000000e+17
4.666666666666666430e+01 8.200000000000000000e+01 1.000000000000000000e+17
4.777777777777777857e+01 7.300000000000000000e+01 1.000000000000000000e+17
4.777777777777777857e+01 7.400000000000000000e+01 1.000000000000000000e+17
4.777777777777777857e+01 7.500000000000000000e+01 1.000000000000000000e+17
4.777777777777777857e+01 7.600000000000000000e+01 1.000000000000000000e+17
4.777777777777777857e+01 7.700000000000000000e+01 1.000000000000000000e+17
4.777777777777777857e+01 7.800000000000000000e+01 1.000000000000000000e+17
4.777777777777777857e+01 7.900000000000000000e+01 1.000000000000000000e+17
4.777777777777777857e+01 8.000000000000000000e+01 1.000000000000000000e+17
4.777777777777777857e+01 8.100000000000000000e+01 1.000000000000000000e+17
4.777777777777777857e+01 8.200000000000000000e+01 1.000000000000000000e+17
4.888888888888888573e+01 7.300000000000000000e+01 1.000000000000000000e+17
4.888888888888888573e+01 7.400000000000000000e+01 1.000000000000000000e+17
4.888888888888888573e+01 7.500000000000000000e+01 1.000000000000000000e+17
4.888888888888888573e+01 7.600000000000000000e+01 1.000000000000000000e+17
4.888888888888888573e+01 7.700000000000000000e+01 1.000000000000000000e+17
4.888888888888888573e+01 7.800000000000000000e+01 1.000000000000000000e+17
4.888888888888888573e+01 7.900000000000000000e+01 1.000000000000000000e+17
4.888888888888888573e+01 8.000000000000000000e+01 1.000000000000000000e+17
4.888888888888888573e+01 8.100000000000000000e+01 1.000000000000000000e+17
4.888888888888888573e+01 8.200000000000000000e+01 1.000000000000000000e+17
5.000000000000000000e+01 7.300000000000000000e+01 1.000000000000000000e+17
5.000000000000000000e+01 7.400000000000000000e+01 1.000000000000000000e+17
5.000000000000000000e+01 7.500000000000000000e+01 1.000000000000000000e+17
5.000000000000000000e+01 7.600000000000000000e+01 1.000000000000000000e+17
5.000000000000000000e+01 7.700000000000000000e+01 1.000000000000000000e+17
5.000000000000000000e+01 7.800000000000000000e+01 1.000000000000000000e+17
5.000000000000000000e+01 7.900000000000000000e+01 1.000000000000000000e+17
5.000000000000000000e+01 8.000000000000000000e+01 1.000000000000000000e+17
5.000000000000000000e+01 8.100000000000000000e+01 1.000000000000000000e+17
5.000000000000000000e+01 8.200000000000000000e+01 1.000000000000000000e+17
