82.941 77.872 72.757 67.605 62.423 57.215 51.986 46.736 41.469 36.187 30.896 25.602 20.316 15.048 9.815 4.633 -0.476 -5.491 -10.390 -15.149 -19.744 -24.154 -28.357 -32.335 -36.069 -39.545 -42.750 -45.672 -48.302 -50.631 -52.653 -54.362 -55.753 -56.820 -57.559 -57.966 -58.038 -57.772 -57.165 -56.217 -54.929 -53.305 -51.352 -49.082 -46.512 -43.663 -40.561 -37.241 -33.740 -30.107 -26.394 -22.661 -18.974 -15.403 -12.023 -8.912 -6.147 -3.803 -1.955 -0.668
82.861 77.763 72.636 67.481 62.301 57.097 51.872 46.628 41.365 36.087 30.799 25.507 20.221 14.953 9.718 4.534 -0.579 -5.599 -10.502 -15.266 -19.865 -24.279 -28.485 -32.465 -36.201 -39.679 -42.884 -45.806 -48.436 -50.765 -52.786 -54.495 -55.885 -56.952 -57.691 -58.098 -58.171 -57.905 -57.299 -56.352 -55.065 -53.441 -51.488 -49.219 -46.648 -43.797 -40.692 -37.367 -33.862 -30.221 -26.499 -22.755 -19.056 -15.473 -12.080 -8.956 -6.178 -3.823 -1.965 -0.671
82.509 77.389 72.254 67.102 61.931 56.741 51.532 46.303 41.054 35.788 30.509 25.223 19.939 14.668 9.428 4.235 -0.889 -5.922 -10.839 -15.615 -20.228 -24.653 -28.869 -32.856 -36.598 -40.079 -43.286 -46.208 -48.837 -51.165 -53.185 -54.892 -56.280 -57.346 -58.085 -58.494 -58.568 -58.304 -57.700 -56.756 -55.471 -53.849 -51.898 -49.628 -47.055 -44.199 -41.086 -37.749 -34.225 -30.562 -26.813 -23.038 -19.304 -15.683 -12.251 -9.087 -6.271 -3.883 -1.997 -0.682
81.825 76.709 71.585 66.451 61.305 56.143 50.962 45.760 40.537 35.292 30.029 24.752 19.471 14.197 8.946 3.739 -1.405 -6.459 -11.399 -16.198 -20.832 -25.276 -29.508 -33.508 -37.258 -40.744 -43.954 -46.877 -49.504 -51.829 -53.846 -55.549 -56.935 -58.000 -58.739 -59.148 -59.224 -58.964 -58.364 -57.424 -56.143 -54.526 -52.578 -50.309 -47.733 -44.870 -41.743 -38.385 -34.833 -31.134 -27.340 -23.513 -19.720 -16.035 -12.537 -9.307 -6.429 -3.984 -2.050 -0.701
80.782 75.698 70.610 65.517 60.413 55.296 50.160 45.000 39.815 34.601 29.361 24.098 18.822 13.543 8.278 3.049 -2.122 -7.208 -12.181 -17.014 -21.678 -26.149 -30.403 -34.420 -38.182 -41.675 -44.887 -47.809 -50.433 -52.753 -54.764 -56.462 -57.844 -58.906 -59.644 -60.054 -60.133 -59.877 -59.283 -58.350 -57.077 -55.467 -53.525 -51.259 -48.681 -45.808 -42.664 -39.278 -35.688 -31.938 -28.083 -24.182 -20.307 -16.533 -12.942 -9.620 -6.652 -4.127 -2.126 -0.728
79.362 74.340 69.315 64.286 59.249 54.197 49.124 44.024 38.891 33.720 28.512 23.269 17.998 12.713 7.429 2.170 -3.039 -8.167 -13.185 -18.062 -22.767 -27.272 -31.555 -35.592 -39.368 -42.868 -46.082 -49.001 -51.619 -53.931 -55.933 -57.623 -58.998 -60.055 -60.791 -61.201 -61.283 -61.033 -60.448 -59.525 -58.264 -56.666 -54.734 -52.473 -49.895 -47.013 -43.849 -40.431 -36.793 -32.980 -29.046 -25.053 -21.072 -17.183 -13.471 -10.027 -6.944 -4.314 -2.225 -0.763
77.555 72.624 67.691 62.753 57.807 52.844 47.856 42.834 37.770 32.656 27.490 22.272 17.010 11.715 6.406 1.108 -4.150 -9.334 -14.410 -19.342 -24.098 -28.647 -32.963 -37.025 -40.816 -44.323 -47.535 -50.448 -53.055 -55.355 -57.344 -59.022 -60.387 -61.436 -62.167 -62.577 -62.663 -62.420 -61.847 -60.939 -59.695 -58.114 -56.196 -53.947 -51.372 -48.484 -45.300 -41.845 -38.153 -34.266 -30.237 -26.130 -22.019 -17.988 -14.128 -10.534 -7.307 -4.547 -2.349 -0.806
75.356 70.545 65.732 60.914 56.086 51.238 46.359 41.436 36.459 31.418 26.305 21.121 15.869 10.562 5.220 -0.128 -5.449 -10.704 -15.853 -20.855 -25.674 -30.274 -34.630 -38.719 -42.524 -46.035 -49.243 -52.143 -54.734 -57.016 -58.986 -60.647 -61.996 -63.034 -63.759 -64.167 -64.257 -64.024 -63.466 -62.577 -61.356 -59.799 -57.905 -55.673 -53.109 -50.218 -47.017 -43.525 -39.773 -35.801 -31.663 -27.423 -23.158 -18.957 -14.918 -11.145 -7.745 -4.828 -2.499 -0.859
72.760 68.100 63.437 58.769 54.087 49.381 44.636 39.838 34.969 30.018 24.972 19.828 14.589 9.267 3.883 -1.529 -6.931 -12.276 -17.516 -22.604 -27.497 -32.158 -36.558 -40.675 -44.493 -48.002 -51.198 -54.080 -56.647 -58.902 -60.846 -62.482 -63.811 -64.833 -65.547 -65.953 -66.047 -65.827 -65.288 -64.425 -63.234 -61.710 -59.847 -57.643 -55.098 -52.214 -49.000 -45.473 -41.659 -37.595 -33.333 -28.940 -24.496 -20.097 -15.848 -11.863 -8.260 -5.159 -2.676 -0.922
69.768 65.290 60.808 56.319 51.814 47.279 42.697 38.049 33.313 28.472 23.508 18.415 13.191 7.848 2.411 -3.084 -8.587 -14.045 -19.398 -24.590 -29.572 -34.303 -38.751 -42.894 -46.719 -50.221 -53.396 -56.248 -58.781 -60.999 -62.907 -64.510 -65.811 -66.812 -67.513 -67.914 -68.013 -67.808 -67.293 -66.463 -65.311 -63.829 -62.010 -59.846 -57.332 -54.466 -51.249 -47.692 -43.816 -39.654 -35.257 -30.691 -26.042 -21.413 -16.921 -12.691 -8.854 -5.541 -2.880 -0.995
66.383 62.118 57.849 53.571 49.274 44.942 40.553 36.083 31.506 26.798 21.935 16.903 11.697 6.328 0.822 -4.777 -10.411 -16.010 -21.502 -26.821 -31.908 -36.716 -41.213 -45.379 -49.204 -52.686 -55.828 -58.637 -61.122 -63.291 -65.152 -66.712 -67.977 -68.950 -69.633 -70.028 -70.133 -69.946 -69.460 -68.669 -67.565 -66.138 -64.376 -62.267 -59.801 -56.967 -53.761 -50.185 -46.252 -41.990 -37.445 -32.686 -27.804 -22.913 -18.141 -13.630 -9.525 -5.972 -3.110 -1.077
62.616 58.595 54.570 50.535 46.478 42.380 38.216 33.956 29.567 25.018 20.276 15.319 10.136 4.733 -0.861 -6.594 -12.393 -18.170 -23.836 -29.307 -34.514 -39.406 -43.951 -48.132 -51.944 -55.391 -58.483 -61.233 -63.654 -65.759 -67.560 -69.065 -70.284 -71.223 -71.884 -72.271 -72.382 -72.214 -71.762 -71.019 -69.973 -68.613 -66.924 -64.888 -62.489 -59.708 -56.532 -52.952 -48.972 -44.611 -39.909 -34.936 -29.791 -24.598 -19.506 -14.676 -10.269 -6.447 -3.364 -1.167
58.482 54.737 50.987 47.226 43.440 39.609 35.702 31.684 27.516 23.156 18.561 13.697 8.542 3.096 -2.610 -8.515 -14.525 -20.529 -26.409 -32.062 -37.407 -42.388 -46.975 -51.156 -54.937 -58.329 -61.350 -64.020 -66.358 -68.381 -70.106 -71.545 -72.709 -73.605 -74.240 -74.615 -74.731 -74.586 -74.173 -73.484 -72.508 -71.229 -69.629 -67.687 -65.378 -62.675 -59.554 -55.994 -51.983 -47.528 -42.663 -37.454 -32.008 -26.469 -21.010 -15.815 -11.072 -6.957 -3.634 -1.263
54.008 50.568 47.121 43.663 40.179 36.644 33.027 29.287 25.375 21.238 16.821 12.073 6.956 1.460 -4.389 -10.516 -16.801 -23.094 -29.241 -35.111 -40.610 -45.679 -50.294 -54.455 -58.178 -61.488 -64.412 -66.977 -69.210 -71.133 -72.765 -74.124 -75.222 -76.069 -76.671 -77.032 -77.153 -77.031 -76.661 -76.034 -75.137 -73.953 -72.462 -70.636 -68.443 -65.849 -62.815 -59.305 -55.288 -50.754 -45.721 -40.251 -34.461 -28.519 -22.634 -17.027 -11.911 -7.481 -3.910 -1.361
49.230 46.118 43.000 39.871 36.715 33.507 30.211 26.781 23.163 19.290 15.089 10.489 5.428 -0.126 -6.155 -12.571 -19.216 -25.882 -32.362 -38.489 -44.153 -49.300 -53.920 -58.029 -61.660 -64.853 -67.648 -70.080 -72.184 -73.985 -75.510 -76.775 -77.796 -78.585 -79.148 -79.491 -79.615 -79.517 -79.193 -78.634 -77.826 -76.751 -75.386 -73.700 -71.654 -69.204 -66.297 -62.877 -58.891 -54.301 -49.101 -43.343 -37.152 -30.732 -24.347 -18.269 -12.747 -7.989 -4.172 -1.454
44.193 41.430 38.660 35.880 33.074 30.216 27.269 24.185 20.900 17.334 13.398 8.990 4.014 -1.597 -7.848 -14.644 -21.768 -28.924 -35.820 -42.244 -48.076 -53.277 -57.862 -61.874 -65.368 -68.404 -71.032 -73.301 -75.249 -76.909 -78.307 -79.466 -80.400 -81.122 -81.641 -81.962 -82.086 -82.013 -81.737 -81.249 -80.538 -79.584 -78.362 -76.839 -74.971 -72.704 -69.971 -66.694 -62.790 -58.183 -52.829 -46.752 -40.084 -33.081 -26.093 -19.474 -13.515 -8.434 -4.391 -1.529
38.956 36.552 34.144 31.727 29.285 26.796 24.222 21.512 18.597 15.390 11.776 7.621 2.783 -2.869 -9.389 -16.687 -24.467 -32.274 -39.690 -46.446 -52.429 -57.636 -62.126 -65.979 -69.280 -72.109 -74.531 -76.603 -78.370 -79.868 -81.126 -82.165 -83.002 -83.651 -84.119 -84.413 -84.535 -84.484 -84.256 -83.843 -83.233 -82.408 -81.343 -80.004 -78.344 -76.302 -73.797 -70.729 -66.978 -62.417 -56.939 -50.514 -43.262 -35.518 -27.784 -20.538 -14.123 -8.745 -4.529 -1.572
33.585 31.546 29.503 27.453 25.383 23.271 21.084 18.771 16.262 13.462 10.238 6.421 1.804 -3.836 -10.659 -18.629 -27.339 -36.033 -44.087 -51.188 -57.268 -62.398 -66.704 -70.319 -73.361 -75.929 -78.104 -79.948 -81.510 -82.828 -83.930 -84.838 -85.571 -86.139 -86.552 -86.815 -86.931 -86.899 -86.718 -86.379 -85.872 -85.180 -84.282 -83.142 -81.715 -79.937 -77.717 -74.935 -71.432 -67.014 -61.480 -54.688 -46.704 -37.966 -29.274 -21.303 -14.438 -8.833 -4.534 -1.565
28.156 26.476 24.794 23.108 21.406 19.672 17.875 15.970 13.892 11.542 8.781 5.408 1.144 -4.366 -11.481 -20.347 -30.449 -40.374 -49.186 -56.587 -62.646 -67.567 -71.571 -74.851 -77.559 -79.813 -81.701 -83.289 -84.625 -85.747 -86.684 -87.454 -88.075 -88.558 -88.911 -89.139 -89.245 -89.229 -89.090 -88.821 -88.415 -87.857 -87.126 -86.194 -85.017 -83.534 -81.651 -79.238 -76.101 -71.975 -66.519 -59.391 -50.470 -40.298 -30.325 -21.535 -14.287 -8.592 -4.354 -1.490
22.750 21.418 20.084 18.748 17.402 16.033 14.617 13.117 11.476 9.606 7.371 4.560 0.837 -4.309 -11.572 -21.594 -33.970 -45.617 -55.234 -62.768 -68.589 -73.109 -76.664 -79.504 -81.807 -83.697 -85.265 -86.575 -87.671 -88.589 -89.352 -89.980 -90.486 -90.880 -91.170 -91.359 -91.452 -91.447 -91.345 -91.141 -90.829 -90.397 -89.829 -89.102 -88.180 -87.007 -85.501 -83.531 -80.892 -77.258 -72.131 -64.830 -54.732 -42.265 -30.544 -20.910 -13.469 -7.921 -3.946 -1.333
17.454 16.449 15.443 14.437 13.426 12.400 11.342 10.226 9.007 7.616 5.941 3.792 0.833 -3.554 -10.497 -21.776 -38.374 -52.333 -62.544 -69.815 -75.056 -78.932 -81.880 -84.181 -86.017 -87.508 -88.735 -89.754 -90.603 -91.313 -91.902 -92.386 -92.776 -93.081 -93.306 -93.455 -93.530 -93.532 -93.461 -93.314 -93.085 -92.769 -92.351 -91.816 -91.136 -90.269 -89.148 -87.666 -85.638 -82.733 -78.344 -71.355 -59.997 -43.309 -29.271 -19.026 -11.808 -6.764 -3.307 -1.100
12.354 11.652 10.950 10.248 9.544 8.831 8.100 7.331 6.496 5.548 4.411 2.953 0.926 -2.199 -7.728 -19.288 -45.062 -61.448 -71.372 -77.659 -81.878 -84.862 -87.068 -88.760 -90.093 -91.168 -92.047 -92.774 -93.380 -93.884 -94.303 -94.646 -94.924 -95.140 -95.301 -95.408 -95.463 -95.468 -95.421 -95.322 -95.167 -94.951 -94.666 -94.301 -93.837 -93.248 -92.487 -91.481 -90.102 -88.107 -84.974 -79.402 -67.778 -41.929 -25.477 -15.519 -9.260 -5.177 -2.492 -0.821
7.538 7.112 6.686 6.260 5.834 5.403 4.960 4.496 3.993 3.424 2.746 1.889 0.746 -0.858 -3.303 -9.599 -58.267 -73.958 -81.546 -85.928 -88.728 -90.652 -92.050 -93.109 -93.938 -94.603 -95.145 -95.592 -95.963 -96.273 -96.529 -96.740 -96.909 -97.042 -97.140 -97.206 -97.241 -97.244 -97.217 -97.158 -97.064 -96.934 -96.763 -96.544 -96.265 -95.911 -95.455 -94.855 -94.046 -92.920 -91.310 -88.837 -82.500 -33.784 -18.052 -10.441 -6.078 -3.363 -1.624 -0.551
3.089 2.914 2.738 2.562 2.385 2.205 2.018 1.821 1.604 1.353 1.047 0.647 0.092 -0.658 -0.452 18.561 -89.371 -88.813 -91.904 -93.925 -95.198 -96.053 -96.663 -97.119 -97.473 -97.754 -97.983 -98.170 -98.326 -98.455 -98.562 -98.649 -98.720 -98.775 -98.815 -98.842 -98.856 -98.857 -98.845 -98.820 -98.780 -98.725 -98.652 -98.557 -98.436 -98.280 -98.077 -97.804 -97.425 -96.879 -96.129 -96.326 -115.325 -7.378 -7.924 -4.830 -2.825 -1.596 -0.827 -0.351
0.000 0.000 0.000 0.000 0.000 0.000 0.000 0.000 0.000 0.000 0.000 0.000 -0.000 -0.000 0.032 -0.075 -99.958 -100.006 -99.999 -99.999 -99.999 -99.999 -100.000 -100.000 -100.000 -100.000 -100.000 -100.000 -100.000 -100.000 -100.000 -100.000 -100.000 -100.000 -100.000 -100.000 -100.000 -100.000 -100.000 -100.000 -100.000 -100.000 -100.000 -100.000 -100.000 -100.000 -100.000 -100.000 -100.000 -100.000 -99.999 -100.031 -99.925 -0.042 0.007 -0.001 -0.000 -0.000 -0.000 -0.000
-0.000 -0.000 -0.000 -0.000 -0.000 -0.000 -0.000 -0.000 -0.000 -0.000 -0.000 -0.000 0.000 0.035 -0.104 -99.897 -100.027 -100.001 -100.001 -100.001 -100.000 -100.000 -100.000 -100.000 -100.000 -100.000 -100.000 -100.000 -100.000 -100.000 -100.000 -100.000 -100.000 -100.000 -100.000 -100.000 -100.000 -100.000 -100.000 -100.000 -100.000 -100.000 -100.000 -100.000 -100.000 -100.000 -100.000 -100.000 -100.000 -100.000 -100.035 -99.896 -0.103 0.027 0.001 0.000 0.000 0.000 0.000 0.000
-0.000 -0.000 -0.000 -0.000 -0.000 0.000 0.000 0.000 0.000 0.000 0.001 0.001 0.027 -0.103 -99.896 -100.035 -100.000 -100.000 -100.000 -100.000 -100.000 -100.000 -100.000 -100.000 -100.000 -100.000 -100.000 -100.000 -100.000 -100.000 -100.000 -100.000 -100.000 -100.000 -100.000 -100.000 -100.000 -100.000 -100.000 -100.000 -100.000 -100.000 -100.000 -100.000 -100.000 -100.000 -100.000 -100.001 -100.001 -100.027 -99.897 -0.104 0.035 0.000 0.000 0.000 0.000 0.000 0.000 0.000
0.000 0.000 0.000 0.000 0.000 -0.000 -0.000 -0.000 -0.000 -0.000 -0.001 0.007 -0.042 -99.925 -100.031 -100.000 -100.000 -100.000 -100.000 -100.000 -100.000 -100.000 -100.000 -100.000 -100.000 -100.000 -100.000 -100.000 -100.000 -100.000 -100.000 -100.000 -100.000 -100.000 -100.000 -100.000 -100.000 -100.000 -100.000 -100.000 -100.000 -100.000 -100.000 -100.000 -100.000 -99.999 -99.999 -99.999 -100.007 -99.958 -0.075 0.031 -0.000 -0.000 -0.000 -0.000 -0.000 -0.000 -0.000 0.000
2.645 2.111 1.573 1.025 0.456 -0.153 -0.832 -1.634 -2.652 -4.060 -6.190 -9.366 -8.870 -116.841 -97.848 -97.641 -98.370 -98.886 -99.229 -99.461 -99.620 -99.728 -99.801 -99.847 -99.871 -99.878 -99.870 -99.849 -99.815 -99.771 -99.715 -99.649 -99.572 -99.482 -99.381 -99.265 -99.133 -98.982 -98.809 -98.608 -98.370 -98.084 -97.730 -97.280 -96.682 -95.845 -94.599 -92.611 -89.562 -90.172 17.697 -1.389 -1.681 -1.030 -0.589 -0.318 -0.156 -0.065 -0.020 -0.003
6.522 5.214 3.898 2.565 1.191 -0.265 -1.871 -3.739 -6.062 -9.192 -13.840 -21.635 -37.475 -86.240 -92.581 -95.023 -96.577 -97.626 -98.343 -98.839 -99.184 -99.422 -99.581 -99.680 -99.730 -99.740 -99.716 -99.661 -99.577 -99.467 -99.331 -99.169 -98.980 -98.763 -98.517 -98.237 -97.919 -97.557 -97.141 -96.660 -96.094 -95.418 -94.589 -93.544 -92.174 -90.295 -87.557 -83.256 -75.769 -60.204 -11.687 -5.570 -3.333 -1.972 -1.106 -0.565 -0.241 -0.066 0.009 0.019
10.579 8.454 6.315 4.151 1.925 -0.426 -3.005 -5.975 -9.605 -14.359 -21.079 -31.338 -47.966 -73.896 -85.529 -91.051 -94.093 -95.963 -97.192 -98.030 -98.610 -99.011 -99.279 -99.447 -99.534 -99.554 -99.517 -99.429 -99.294 -99.115 -98.893 -98.628 -98.320 -97.966 -97.563 -97.105 -96.586 -95.995 -95.317 -94.534 -93.616 -92.522 -91.188 -89.519 -87.359 -84.448 -80.330 -74.175 -64.418 -48.237 -22.708 -11.439 -6.251 -3.521 -1.946 -1.001 -0.442 -0.136 0.000 0.026
14.597 11.648 8.681 5.680 2.599 -0.644 -4.173 -8.179 -12.950 -18.933 -26.803 -37.477 -51.771 -68.582 -79.959 -86.889 -91.156 -93.891 -95.715 -96.965 -97.835 -98.439 -98.847 -99.107 -99.247 -99.290 -99.248 -99.132 -98.948 -98.700 -98.391 -98.020 -97.587 -97.090 -96.522 -95.877 -95.146 -94.314 -93.363 -92.265 -90.984 -89.465 -87.630 -85.360 -82.477 -78.703 -73.604 -66.519 -56.543 -42.871 -26.618 -15.746 -9.280 -5.444 -3.116 -1.683 -0.813 -0.315 -0.069 0.009
18.383 14.639 10.875 7.071 3.173 -0.906 -5.299 -10.192 -15.845 -22.607 -30.899 -41.102 -53.171 -65.814 -75.955 -83.193 -88.176 -91.602 -93.986 -95.664 -96.853 -97.690 -98.265 -98.638 -98.850 -98.928 -98.893 -98.756 -98.528 -98.215 -97.819 -97.341 -96.782 -96.137 -95.400 -94.564 -93.616 -92.540 -91.311 -89.900 -88.261 -86.334 -84.032 -81.233 -77.763 -73.375 -67.738 -60.445 -51.131 -39.855 -27.924 -18.427 -11.777 -7.340 -4.426 -2.532 -1.326 -0.596 -0.200 -0.032
21.777 17.301 12.804 8.263 3.626 -1.195 -6.324 -11.923 -18.197 -25.378 -33.684 -43.193 -53.618 -64.032 -73.030 -80.103 -85.401 -89.291 -92.129 -94.197 -95.699 -96.779 -97.535 -98.038 -98.335 -98.462 -98.443 -98.294 -98.029 -97.654 -97.175 -96.593 -95.908 -95.116 -94.211 -93.183 -92.019 -90.701 -89.202 -87.488 -85.513 -83.214 -80.507 -77.277 -73.377 -68.619 -62.787 -55.681 -47.240 -37.770 -28.212 -19.987 -13.619 -8.972 -5.690 -3.429 -1.914 -0.944 -0.374 -0.091
24.662 19.542 14.399 9.215 3.940 -1.506 -7.227 -13.354 -20.029 -27.391 -35.524 -44.373 -53.632 -62.689 -70.795 -77.551 -82.925 -87.085 -90.254 -92.644 -94.429 -95.741 -96.679 -97.318 -97.710 -97.894 -97.900 -97.747 -97.450 -97.020 -96.462 -95.780 -94.972 -94.037 -92.967 -91.753 -90.380 -88.830 -87.074 -85.080 -82.802 -80.180 -77.139 -73.584 -69.401 -64.463 -58.651 -51.899 -44.283 -36.124 -28.054 -20.839 -14.892 -10.262 -6.794 -4.276 -2.505 -1.313 -0.567 -0.160
26.966 21.303 15.619 9.900 4.100 -1.845 -8.018 -14.514 -21.427 -28.826 -36.719 -45.006 -53.429 -61.579 -69.009 -75.429 -80.755 -85.048 -88.439 -91.077 -93.099 -94.618 -95.728 -96.500 -96.988 -97.235 -97.272 -97.121 -96.799 -96.319 -95.689 -94.911 -93.987 -92.914 -91.687 -90.295 -88.725 -86.957 -84.966 -82.721 -80.178 -77.287 -73.986 -70.201 -65.853 -60.867 -55.191 -48.836 -41.923 -34.728 -27.680 -21.243 -15.724 -11.222 -7.691 -5.011 -3.047 -1.666 -0.759 -0.230
28.659 22.561 16.448 10.305 4.097 -2.225 -8.723 -15.461 -22.493 -29.845 -37.487 -45.313 -53.118 -60.621 -67.533 -73.644 -78.864 -83.202 -86.730 -89.548 -91.757 -93.453 -94.715 -95.610 -96.192 -96.501 -96.572 -96.427 -96.086 -95.562 -94.864 -93.998 -92.965 -91.764 -90.389 -88.831 -87.078 -85.112 -82.911 -80.445 -77.680 -74.574 -71.079 -67.143 -62.717 -57.764 -52.276 -46.302 -39.969 -33.500 -27.195 -21.362 -16.227 -11.897 -8.377 -5.610 -3.509 -1.978 -0.932 -0.294
29.750 23.326 16.890 10.432 3.927 -2.661 -9.375 -16.254 -23.322 -30.579 -37.981 -45.428 -52.760 -59.780 -66.286 -72.127 -77.219 -81.548 -85.151 -88.091 -90.442 -92.280 -93.672 -94.676 -95.343 -95.712 -95.816 -95.680 -95.323 -94.761 -94.003 -93.056 -91.922 -90.602 -89.091 -87.382 -85.463 -83.321 -80.936 -78.283 -75.336 -72.063 -68.430 -64.404 -59.958 -55.084 -49.800 -44.169 -38.309 -32.398 -26.654 -21.295 -16.491 -12.341 -8.875 -6.071 -3.879 -2.236 -1.079 -0.349
30.278 23.628 16.970 10.297 3.593 -3.166 -10.005 -16.945 -23.992 -31.128 -38.306 -45.436 -52.396 -59.039 -65.221 -70.827 -75.787 -80.076 -83.710 -86.728 -89.182 -91.130 -92.627 -93.725 -94.466 -94.889 -95.024 -94.897 -94.528 -93.931 -93.119 -92.098 -90.873 -89.445 -87.811 -85.966 -83.901 -81.604 -79.061 -76.254 -73.162 -69.764 -66.037 -61.965 -57.538 -52.765 -47.679 -42.347 -36.872 -31.399 -26.090 -21.107 -16.583 -12.605 -9.212 -6.405 -4.160 -2.438 -1.195 -0.393
30.310 23.521 16.728 9.927 3.108 -3.742 -10.635 -17.577 -24.562 -31.563 -38.532 -45.394 -52.051 -58.391 -64.307 -69.710 -74.541 -78.773 -82.409 -85.470 -87.995 -90.025 -91.605 -92.778 -93.582 -94.051 -94.214 -94.096 -93.715 -93.089 -92.228 -91.141 -89.834 -88.309 -86.566 -84.600 -82.408 -79.979 -77.305 -74.372 -71.168 -67.678 -63.892 -59.804 -55.419 -50.755 -45.852 -40.775 -35.616 -30.490 -25.524 -20.844 -16.555 -12.733 -9.421 -6.632 -4.361 -2.586 -1.282 -0.426
29.923 23.069 16.214 9.355 2.489 -4.388 -11.278 -18.178 -25.073 -31.932 -38.708 -45.338 -51.741 -57.831 -63.524 -68.750 -73.460 -77.626 -81.243 -84.324 -86.893 -88.981 -90.624 -91.856 -92.711 -93.218 -93.404 -93.293 -92.902 -92.249 -91.345 -90.200 -88.820 -87.210 -85.371 -83.301 -80.999 -78.460 -75.678 -72.645 -69.355 -65.801 -61.981 -57.899 -53.566 -49.010 -44.271 -39.411 -34.510 -29.663 -24.973 -20.538 -16.445 -12.762 -9.530 -6.773 -4.494 -2.688 -1.344 -0.450
29.206 22.344 15.483 8.623 1.764 -5.091 -11.938 -18.765 -25.551 -32.265 -38.862 -45.287 -51.474 -57.352 -62.856 -67.927 -72.524 -76.621 -80.208 -83.290 -85.883 -88.010 -89.698 -90.975 -91.869 -92.407 -92.611 -92.504 -92.104 -91.427 -90.485 -89.288 -87.845 -86.161 -84.239 -82.081 -79.687 -77.057 -74.187 -71.077 -67.723 -64.126 -60.291 -56.226 -51.951 -47.495 -42.901 -38.225 -33.536 -28.915 -24.447 -20.212 -16.284 -12.722 -9.567 -6.847 -4.575 -2.754 -1.385 -0.465
28.246 21.420 14.596 7.775 0.962 -5.837 -12.610 -19.343 -26.010 -32.580 -39.012 -45.255 -51.254 -56.951 -62.291 -67.226 -71.719 -75.746 -79.295 -82.367 -84.970 -87.120 -88.839 -90.148 -91.072 -91.631 -91.849 -91.745 -91.336 -90.637 -89.661 -88.420 -86.922 -85.174 -83.182 -80.950 -78.481 -75.776 -72.838 -69.668 -66.268 -62.644 -58.805 -54.765 -50.548 -46.184 -41.715 -37.193 -32.680 -28.243 -23.955 -19.884 -16.094 -12.636 -9.553 -6.873 -4.616 -2.791 -1.409 -0.475
27.126 20.366 13.608 6.856 0.116 -6.603 -13.285 -19.911 -26.456 -32.887 -39.165 -45.245 -51.080 -56.620 -61.818 -66.632 -71.031 -74.990 -78.498 -81.551 -84.154 -86.316 -88.054 -89.385 -90.329 -90.905 -91.132 -91.028 -90.609 -89.891 -88.886 -87.607 -86.062 -84.261 -82.211 -79.918 -77.387 -74.623 -71.631 -68.416 -64.983 -61.343 -57.509 -53.498 -49.336 -45.054 -40.693 -36.300 -31.930 -27.644 -23.503 -19.567 -15.892 -12.525 -9.506 -6.866 -4.628 -2.808 -1.421 -0.480
25.925 19.249 12.576 5.909 -0.742 -7.367 -13.948 -20.463 -26.886 -33.185 -39.323 -45.259 -50.950 -56.352 -61.426 -66.134 -70.448 -74.344 -77.810 -80.840 -83.434 -85.600 -87.348 -88.693 -89.650 -90.236 -90.469 -90.363 -89.936 -89.200 -88.170 -86.858 -85.275 -83.429 -81.332 -78.989 -76.410 -73.600 -70.566 -67.317 -63.863 -60.215 -56.391 -52.409 -48.298 -44.087 -39.817 -35.532 -31.281 -27.117 -23.096 -19.271 -15.691 -12.401 -9.440 -6.838 -4.621 -2.811 -1.425 -0.482
24.711 18.127 11.547 4.975 -1.581 -8.107 -14.584 -20.990 -27.296 -33.473 -39.483 -45.291 -50.856 -56.140 -61.106 -65.722 -69.959 -73.798 -77.223 -80.227 -82.809 -84.972 -86.724 -88.076 -89.041 -89.634 -89.868 -89.760 -89.324 -88.573 -87.522 -86.183 -84.567 -82.686 -80.551 -78.169 -75.551 -72.705 -69.640 -66.368 -62.899 -59.249 -55.437 -51.484 -47.417 -43.268 -39.074 -34.878 -30.724 -26.661 -22.738 -19.003 -15.502 -12.277 -9.365 -6.798 -4.603 -2.805 -1.424 -0.482
23.543 17.053 10.567 4.088 -2.372 -8.801 -15.178 -21.479 -27.678 -33.744 -39.642 -45.338 -50.794 -55.976 -60.850 -65.385 -69.556 -73.342 -76.729 -79.708 -82.275 -84.432 -86.183 -87.538 -88.507 -89.102 -89.337 -89.225 -88.780 -88.017 -86.948 -85.586 -83.946 -82.037 -79.871 -77.459 -74.811 -71.938 -68.850 -65.560 -62.083 -58.434 -54.635 -50.708 -46.680 -42.583 -38.453 -34.329 -30.254 -26.272 -22.428 -18.766 -15.331 -12.160 -9.290 -6.754 -4.580 -2.794 -1.420 -0.481
22.467 16.066 9.668 3.279 -3.092 -9.430 -15.714 -21.922 -28.024 -33.992 -39.793 -45.392 -50.757 -55.852 -60.648 -65.115 -69.229 -72.969 -76.322 -79.277 -81.829 -83.977 -85.725 -87.079 -88.049 -88.644 -88.877 -88.761 -88.309 -87.535 -86.452 -85.074 -83.413 -81.482 -79.294 -76.858 -74.188 -71.294 -68.189 -64.888 -61.406 -57.761 -53.974 -50.069 -46.074 -42.021 -37.942 -33.877 -29.865 -25.948 -22.167 -18.565 -15.181 -12.054 -9.220 -6.710 -4.555 -2.781 -1.415 -0.480
21.521 15.198 8.881 2.571 -3.721 -9.978 -16.182 -22.307 -28.327 -34.212 -39.930 -45.449 -50.737 -55.761 -60.492 -64.903 -68.969 -72.671 -75.994 -78.928 -81.465 -83.604 -85.347 -86.699 -87.667 -88.262 -88.492 -88.372 -87.914 -87.131 -86.037 -84.646 -82.971 -81.023 -78.817 -76.364 -73.677 -70.768 -67.652 -64.343 -60.859 -57.218 -53.442 -49.556 -45.589 -41.570 -37.533 -33.514 -29.552 -25.685 -21.954 -18.398 -15.056 -11.965 -9.159 -6.671 -4.532 -2.769 -1.409 -0.478
20.729 14.473 8.222 1.979 -4.246 -10.436 -16.572 -22.629 -28.581 -34.398 -40.049 -45.503 -50.729 -55.696 -60.376 -64.741 -68.769 -72.441 -75.739 -78.654 -81.178 -83.309 -85.046 -86.395 -87.361 -87.953 -88.181 -88.058 -87.595 -86.806 -85.704 -84.303 -82.617 -80.657 -78.438 -75.972 -73.273 -70.354 -67.230 -63.916 -60.431 -56.794 -53.028 -49.158 -45.211 -41.219 -37.214 -33.231 -29.308 -25.480 -21.787 -18.267 -14.957 -11.893 -9.109 -6.638 -4.512 -2.758 -1.404 -0.476
20.105 13.902 7.703 1.513 -4.659 -10.797 -16.880 -22.884 -28.782 -34.546 -40.145 -45.549 -50.728 -55.651 -60.292 -64.623 -68.622 -72.270 -75.549 -78.450 -80.963 -83.086 -84.818 -86.163 -87.126 -87.716 -87.942 -87.816 -87.350 -86.557 -85.449 -84.041 -82.347 -80.379 -78.150 -75.676 -72.968 -70.043 -66.913 -63.597 -60.112 -56.478 -52.720 -48.861 -44.931 -40.959 -36.977 -33.021 -29.126 -25.327 -21.662 -18.168 -14.882 -11.837 -9.070 -6.613 -4.496 -2.749 -1.400 -0.475
19.652 13.487 7.326 1.173 -4.961 -11.061 -17.106 -23.072 -28.931 -34.656 -40.218 -45.585 -50.730 -55.622 -60.234 -64.542 -68.521 -72.151 -75.418 -78.307 -80.812 -82.928 -84.655 -85.997 -86.958 -87.546 -87.771 -87.643 -87.175 -86.379 -85.268 -83.855 -82.155 -80.180 -77.946 -75.466 -72.753 -69.824 -66.691 -63.374 -59.889 -56.259 -52.505 -48.654 -44.735 -40.777 -36.812 -32.875 -28.999 -25.221 -21.576 -18.100 -14.829 -11.799 -9.042 -6.594 -4.484 -2.742 -1.396 -0.474
19.360 13.219 7.082 0.953 -5.158 -11.234 -17.255 -23.196 -29.030 -34.730 -40.266 -45.609 -50.731 -55.604 -60.199 -64.491 -68.458 -72.078 -75.336 -78.218 -80.717 -82.828 -84.551 -85.890 -86.849 -87.436 -87.660 -87.532 -87.064 -86.266 -85.152 -83.736 -82.032 -80.053 -77.815 -75.331 -72.617 -69.685 -66.552 -63.234 -59.750 -56.121 -52.370 -48.524 -44.611 -40.661 -36.707 -32.782 -28.919 -25.154 -21.522 -18.057 -14.796 -11.774 -9.024 -6.581 -4.475 -2.736 -1.393 -0.473
19.209 13.080 6.955 0.838 -5.262 -11.326 -17.335 -23.264 -29.085 -34.770 -40.292 -45.622 -50.732 -55.593 -60.179 -64.465 -68.427 -72.043 -75.296 -78.175 -80.669 -82.777 -84.496 -85.832 -86.790 -87.377 -87.602 -87.475 -87.006 -86.208 -85.092 -83.673 -81.966 -79.985 -77.744 -75.259 -72.544 -69.613 -66.480 -63.163 -59.680 -56.051 -52.301 -48.456 -44.546 -40.600 -36.652 -32.733 -28.878 -25.120 -21.495 -18.036 -14.780 -11.761 -9.014 -6.572 -4.468 -2.731 -1.390 -0.472
19.168 13.043 6.921 0.806 -5.292 -11.355 -17.362 -23.288 -29.105 -34.785 -40.301 -45.625 -50.730 -55.588 -60.172 -64.458 -68.419 -72.036 -75.289 -78.166 -80.658 -82.762 -84.479 -85.813 -86.770 -87.358 -87.584 -87.458 -86.990 -86.191 -85.074 -83.654 -81.944 -79.961 -77.719 -75.234 -72.520 -69.590 -66.460 -63.144 -59.661 -56.032 -52.281 -48.435 -44.524 -40.579 -36.632 -32.716 -28.864 -25.110 -21.488 -18.031 -14.775 -11.756 -9.008 -6.566 -4.462 -2.726 -1.387 -0.470
19.196 13.071 6.947 0.828 -5.274 -11.342 -17.354 -23.283 -29.102 -34.783 -40.298 -45.621 -50.726 -55.585 -60.172 -64.461 -68.427 -72.046 -75.302 -78.179 -80.669 -82.771 -84.486 -85.818 -86.775 -87.364 -87.592 -87.468 -87.001 -86.202 -85.084 -83.661 -81.949 -79.965 -77.723 -75.239 -72.527 -69.600 -66.471 -63.157 -59.675 -56.045 -52.292 -48.444 -44.530 -40.583 -36.635 -32.720 -28.869 -25.115 -21.493 -18.036 -14.778 -11.756 -9.006 -6.561 -4.456 -2.721 -1.383 -0.468
19.243 13.117 6.991 0.868 -5.241 -11.316 -17.334 -23.268 -29.091 -34.774 -40.291 -45.616 -50.722 -55.584 -60.175 -64.469 -68.439 -72.063 -75.320 -78.198 -80.688 -82.787 -84.500 -85.832 -86.790 -87.380 -87.609 -87.487 -87.021 -86.222 -85.102 -83.678 -81.964 -79.979 -77.737 -75.254 -72.544 -69.619 -66.493 -63.181 -59.699 -56.068 -52.313 -48.461 -44.545 -40.596 -36.646 -32.730 -28.879 -25.125 -21.502 -18.043 -14.783 -11.758 -9.005 -6.558 -4.451 -2.716 -1.379 -0.467
19.252 13.129 7.003 0.879 -5.231 -11.308 -17.327 -23.263 -29.087 -34.771 -40.289 -45.614 -50.721 -55.584 -60.176 -64.471 -68.443 -72.067 -75.325 -78.203 -80.693 -82.792 -84.505 -85.837 -86.794 -87.384 -87.615 -87.492 -87.026 -86.227 -85.108 -83.683 -81.969 -79.983 -77.741 -75.259 -72.549 -69.625 -66.500 -63.188 -59.706 -56.074 -52.319 -48.467 -44.550 -40.600 -36.650 -32.733 -28.882 -25.128 -21.505 -18.045 -14.785 -11.759 -9.005 -6.557 -4.450 -2.715 -1.379 -0.466
