0.000000000000000000e+00
0.000000000000000000e+00
0.000000000000000000e+00
0.000000000000000000e+00
0.000000000000000000e+00
0.000000000000000000e+00
0.000000000000000000e+00
0.000000000000000000e+00
0.000000000000000000e+00
0.000000000000000000e+00
9.800000000000001164e+05
9.800000000000001164e+05
9.800000000000001164e+05
9.800000000000001164e+05
9.800000000000001164e+05
9.800000000000001164e+05
9.800000000000001164e+05
9.800000000000001164e+05
9.800000000000001164e+05
9.800000000000001164e+05
9.800000000000001164e+05
9.800000000000001164e+05
9.800000000000001164e+05
9.800000000000001164e+05
9.800000000000001164e+05
9.800000000000001164e+05
9.800000000000001164e+05
9.800000000000001164e+05
9.800000000000001164e+05
9.800000000000001164e+05
9.800000000000001164e+05
9.800000000000001164e+05
9.800000000000001164e+05
9.800000000000001164e+05
9.800000000000001164e+05
9.800000000000001164e+05
9.800000000000001164e+05
9.800000000000001164e+05
9.800000000000001164e+05
9.800000000000001164e+05
9.800000000000001164e+05
9.800000000000001164e+05
9.800000000000001164e+05
9.800000000000001164e+05
9.800000000000001164e+05
9.800000000000001164e+05
9.800000000000001164e+05
9.800000000000001164e+05
9.800000000000001164e+05
9.800000000000001164e+05
9.800000000000001164e+05
9.800000000000001164e+05
9.800000000000001164e+05
9.800000000000001164e+05
9.800000000000001164e+05
9.800000000000001164e+05
9.800000000000001164e+05
9.800000000000001164e+05
9.800000000000001164e+05
9.800000000000001164e+05
9.800000000000001164e+05
9.800000000000001164e+05
9.800000000000001164e+05
9.800000000000001164e+05
9.800000000000001164e+05
9.800000000000001164e+05
9.800000000000001164e+05
9.800000000000001164e+05
9.800000000000001164e+05
9.800000000000001164e+05
9.800000000000001164e+05
9.800000000000001164e+05
9.800000000000001164e+05
9.800000000000001164e+05
9.800000000000001164e+05
9.800000000000001164e+05
9.800000000000001164e+05
9.800000000000001164e+05
9.800000000000001164e+05
9.800000000000001164e+05
9.800000000000001164e+05
9.800000000000001164e+05
9.800000000000001164e+05
9.800000000000001164e+05
9.800000000000001164e+05
9.800000000000001164e+05
9.800000000000001164e+05
9.800000000000001164e+05
9.800000000000001164e+05
9.800000000000001164e+05
0.000000000000000000e+00
0.000000000000000000e+00
0.000000000000000000e+00
0.000000000000000000e+00
0.000000000000000000e+00
0.000000000000000000e+00
0.000000000000000000e+00
0.000000000000000000e+00
0.000000000000000000e+00
0.000000000000000000e+00
