0.011
-0.216
-0.733
-1.231
-1.422
-1.275
-0.474
1.544
5.191
10.856
19.099
30.613
46.658
67.391
81.537
68.589
52.090
31.515
5.061
-2.093
-0.099
-0.593
-0.874
0.421
3.421
6.965
10.979
16.557
24.263
34.085
46.037
60.108
76.631
93.386
92.505
55.705
48.832
41.787
8.516
-2.058
-0.338
-0.847
1.083
8.172
18.698
28.680
36.464
44.262
53.275
62.890
72.285
80.670
87.316
87.115
55.355
-14.453
19.256
50.956
12.592
-1.928
-0.670
-0.235
7.427
22.060
37.844
52.851
59.965
62.499
63.462
61.824
56.297
46.105
29.383
-3.027
-82.005
-187.289
-52.883
57.364
17.093
-1.711
-0.975
2.100
17.802
20.490
4.861
11.292
8.310
-5.730
-26.033
-53.642
-87.119
-124.496
-171.924
-247.827
-385.655
-514.604
-181.320
59.730
21.758
-1.427
-1.137
6.392
26.788
-55.969
-228.193
-255.975
-266.798
-293.894
-342.485
-409.940
-472.635
-519.915
-584.312
-708.919
-913.680
-1032.876
-367.768
57.695
26.283
-1.106
-1.156
11.968
30.426
-246.340
-814.077
-904.315
-858.789
-851.484
-932.236
-1075.506
-1149.550
-1136.482
-1182.683
-1364.820
-1660.613
-1713.105
-591.921
52.110
30.358
-0.785
-1.147
17.671
34.465
-433.484
-1390.649
-1547.903
-1444.534
-1406.341
-1520.835
-1741.320
-1828.685
-1758.057
-1786.842
-2023.708
-2404.530
-2383.524
-812.201
44.864
33.697
-0.502
-1.195
22.286
43.760
-507.560
-1615.871
-1805.557
-1720.235
-1699.805
-1846.461
-2108.388
-2228.062
-2170.079
-2213.528
-2489.928
-2917.510
-2867.725
-983.594
38.287
36.063
-0.291
-1.263
24.832
52.235
-515.194
-1660.839
-1867.013
-1792.420
-1790.724
-1959.901
-2248.099
-2392.520
-2354.707
-2417.433
-2717.675
-3171.506
-3112.920
-1075.751
34.419
37.289
-0.179
-1.263
24.832
52.235
-515.194
-1660.839
-1867.013
-1792.420
-1790.724
-1959.901
-2248.099
-2392.520
-2354.707
-2417.433
-2717.675
-3171.506
-3112.920
-1075.751
34.419
37.289
-0.179
-1.195
22.286
43.760
-507.560
-1615.871
-1805.557
-1720.235
-1699.805
-1846.461
-2108.388
-2228.062
-2170.079
-2213.528
-2489.928
-2917.510
-2867.725
-983.594
38.287
36.063
-0.291
-1.147
17.671
34.465
-433.484
-1390.649
-1547.903
-1444.534
-1406.341
-1520.835
-1741.320
-1828.685
-1758.057
-1786.842
-2023.708
-2404.530
-2383.524
-812.201
44.864
33.697
-0.502
-1.156
11.968
30.426
-246.340
-814.077
-904.315
-858.789
-851.484
-932.236
-1075.506
-1149.550
-1136.482
-1182.683
-1364.820
-1660.613
-1713.105
-591.921
52.110
30.358
-0.785
-1.137
6.392
26.788
-55.969
-228.193
-255.975
-266.798
-293.894
-342.485
-409.940
-472.635
-519.915
-584.312
-708.919
-913.680
-1032.876
-367.768
57.695
26.283
-1.106
-0.975
2.100
17.802
20.490
4.861
11.292
8.310
-5.730
-26.033
-53.642
-87.119
-124.496
-171.924
-247.827
-385.655
-514.604
-181.320
59.730
21.758
-1.427
-0.670
-0.235
7.427
22.060
37.844
52.851
59.965
62.499
63.462
61.824
56.297
46.105
29.383
-3.027
-82.005
-187.289
-52.883
57.364
17.093
-1.711
-0.338
-0.847
1.083
8.172
18.698
28.680
36.464
44.262
53.275
62.890
72.285
80.670
87.316
87.115
55.355
-14.453
19.256
50.956
12.592
-1.928
-0.099
-0.593
-0.874
0.421
3.421
6.965
10.979
16.557
24.263
34.085
46.037
60.108
76.631
93.386
92.505
55.705
48.832
41.787
8.516
-2.058
0.011
-0.216
-0.733
-1.231
-1.422
-1.275
-0.474
1.544
5.191
10.856
19.099
30.613
46.658
67.391
81.537
68.589
52.090
31.515
5.061
-2.093
