-0.072 -0.215 -0.425 -0.697 -1.027 -1.410 -1.838 -2.305 -2.806 -3.332 -3.877 -4.434 -4.997 -5.559 -6.115 -6.658 -7.184 -7.687 -8.163 -8.610 -9.022 -9.398 -9.735 -10.031 -10.286 -10.496 -10.664 -10.787 -10.867 -10.903 -10.898 -10.852 -10.767 -10.644 -10.487 -10.297 -10.078 -9.832 -9.563 -9.273 -8.965 -8.643 -8.310 -7.967 -7.619 -7.266 -6.910 -6.553 -6.196 -5.838
-0.073 -0.217 -0.429 -0.703 -1.036 -1.421 -1.852 -2.323 -2.826 -3.356 -3.904 -4.465 -5.031 -5.596 -6.154 -6.700 -7.228 -7.733 -8.212 -8.660 -9.074 -9.451 -9.789 -10.086 -10.340 -10.551 -10.718 -10.841 -10.920 -10.956 -10.950 -10.902 -10.815 -10.691 -10.531 -10.339 -10.118 -9.869 -9.596 -9.303 -8.992 -8.667 -8.330 -7.984 -7.632 -7.275 -6.916 -6.555 -6.194 -5.833
-0.075 -0.221 -0.436 -0.715 -1.053 -1.443 -1.881 -2.358 -2.868 -3.403 -3.958 -4.525 -5.098 -5.669 -6.233 -6.784 -7.316 -7.826 -8.308 -8.759 -9.176 -9.555 -9.895 -10.193 -10.448 -10.660 -10.827 -10.949 -11.027 -11.061 -11.052 -11.002 -10.911 -10.783 -10.620 -10.423 -10.196 -9.942 -9.663 -9.363 -9.046 -8.714 -8.370 -8.017 -7.657 -7.294 -6.927 -6.560 -6.191 -5.823
-0.077 -0.227 -0.447 -0.733 -1.078 -1.477 -1.923 -2.409 -2.929 -3.474 -4.039 -4.615 -5.197 -5.777 -6.349 -6.908 -7.447 -7.963 -8.451 -8.907 -9.328 -9.710 -10.053 -10.353 -10.609 -10.821 -10.987 -11.109 -11.185 -11.216 -11.204 -11.149 -11.054 -10.921 -10.751 -10.547 -10.312 -10.049 -9.762 -9.453 -9.125 -8.783 -8.429 -8.065 -7.695 -7.321 -6.944 -6.566 -6.187 -5.808
-0.079 -0.235 -0.462 -0.756 -1.111 -1.520 -1.978 -2.476 -3.009 -3.567 -4.144 -4.733 -5.327 -5.919 -6.501 -7.070 -7.619 -8.143 -8.638 -9.100 -9.526 -9.914 -10.259 -10.562 -10.820 -11.032 -11.198 -11.318 -11.391 -11.419 -11.403 -11.343 -11.242 -11.101 -10.923 -10.710 -10.465 -10.191 -9.892 -9.570 -9.230 -8.874 -8.506 -8.129 -7.745 -7.357 -6.966 -6.574 -6.181 -5.788
-0.083 -0.244 -0.480 -0.784 -1.151 -1.574 -2.045 -2.559 -3.106 -3.680 -4.273 -4.878 -5.486 -6.092 -6.688 -7.269 -7.829 -8.363 -8.867 -9.337 -9.770 -10.162 -10.512 -10.817 -11.077 -11.290 -11.455 -11.574 -11.644 -11.668 -11.646 -11.580 -11.471 -11.321 -11.133 -10.909 -10.651 -10.364 -10.050 -9.714 -9.358 -8.986 -8.601 -8.207 -7.806 -7.401 -6.993 -6.584 -6.174 -5.764
-0.087 -0.255 -0.501 -0.817 -1.197 -1.635 -2.124 -2.654 -3.220 -3.813 -4.424 -5.046 -5.672 -6.294 -6.906 -7.501 -8.074 -8.620 -9.134 -9.613 -10.053 -10.452 -10.806 -11.115 -11.377 -11.591 -11.756 -11.872 -11.939 -11.958 -11.930 -11.857 -11.739 -11.578 -11.378 -11.141 -10.869 -10.566 -10.236 -9.881 -9.507 -9.115 -8.711 -8.298 -7.877 -7.452 -7.024 -6.595 -6.166 -5.736
-0.091 -0.267 -0.524 -0.853 -1.249 -1.705 -2.211 -2.762 -3.348 -3.961 -4.593 -5.236 -5.882 -6.522 -7.151 -7.762 -8.350 -8.909 -9.435 -9.924 -10.372 -10.778 -11.138 -11.451 -11.715 -11.929 -12.094 -12.208 -12.271 -12.285 -12.250 -12.168 -12.040 -11.868 -11.655 -11.403 -11.115 -10.794 -10.444 -10.070 -9.674 -9.261 -8.835 -8.400 -7.957 -7.510 -7.060 -6.609 -6.157 -5.705
-0.096 -0.281 -0.549 -0.893 -1.306 -1.780 -2.307 -2.879 -3.488 -4.124 -4.779 -5.444 -6.111 -6.772 -7.420 -8.049 -8.652 -9.225 -9.764 -10.264 -10.722 -11.135 -11.501 -11.818 -12.085 -12.300 -12.463 -12.575 -12.634 -12.643 -12.600 -12.509 -12.370 -12.185 -11.958 -11.689 -11.384 -11.044 -10.673 -10.276 -9.857 -9.421 -8.971 -8.511 -8.044 -7.573 -7.099 -6.623 -6.148 -5.672
-0.101 -0.295 -0.576 -0.936 -1.366 -1.860 -2.409 -3.004 -3.636 -4.297 -4.977 -5.666 -6.356 -7.039 -7.707 -8.354 -8.975 -9.563 -10.115 -10.627 -11.094 -11.516 -11.888 -12.209 -12.479 -12.695 -12.858 -12.967 -13.022 -13.024 -12.974 -12.873 -12.722 -12.524 -12.281 -11.996 -11.671 -11.310 -10.917 -10.497 -10.053 -9.591 -9.115 -8.630 -8.137 -7.640 -7.140 -6.639 -6.138 -5.637
-0.106 -0.310 -0.604 -0.979 -1.429 -1.944 -2.515 -3.134 -3.791 -4.477 -5.183 -5.897 -6.611 -7.317 -8.006 -8.673 -9.311 -9.915 -10.481 -11.004 -11.482 -11.912 -12.291 -12.617 -12.889 -13.107 -13.269 -13.375 -13.426 -13.421 -13.363 -13.252 -13.089 -12.877 -12.618 -12.315 -11.970 -11.588 -11.172 -10.727 -10.257 -9.769 -9.266 -8.754 -8.234 -7.710 -7.184 -6.657 -6.129 -5.601
-0.111 -0.325 -0.632 -1.024 -1.493 -2.029 -2.623 -3.266 -3.948 -4.660 -5.392 -6.132 -6.870 -7.598 -8.309 -8.996 -9.652 -10.272 -10.852 -11.388 -11.877 -12.315 -12.701 -13.032 -13.307 -13.525 -13.686 -13.790 -13.836 -13.825 -13.758 -13.637 -13.462 -13.236 -12.960 -12.639 -12.275 -11.871 -11.431 -10.961 -10.465 -9.950 -9.420 -8.880 -8.334 -7.783 -7.229 -6.675 -6.120 -5.565
-0.116 -0.340 -0.660 -1.069 -1.556 -2.113 -2.730 -3.397 -4.105 -4.843 -5.600 -6.365 -7.127 -7.878 -8.611 -9.317 -9.991 -10.627 -11.222 -11.770 -12.269 -12.716 -13.109 -13.445 -13.723 -13.942 -14.103 -14.203 -14.245 -14.227 -14.152 -14.020 -13.833 -13.593 -13.301 -12.962 -12.577 -12.152 -11.689 -11.194 -10.672 -10.130 -9.574 -9.007 -8.434 -7.856 -7.275 -6.694 -6.112 -5.530
-0.122 -0.354 -0.688 -1.113 -1.619 -2.196 -2.835 -3.526 -4.258 -5.021 -5.803 -6.592 -7.378 -8.152 -8.905 -9.630 -10.322 -10.975 -11.583 -12.144 -12.653 -13.109 -13.508 -13.849 -14.130 -14.350 -14.510 -14.608 -14.645 -14.621 -14.537 -14.395 -14.196 -13.942 -13.635 -13.277 -12.874 -12.427 -11.941 -11.422 -10.876 -10.308 -9.726 -9.133 -8.532 -7.928 -7.321 -6.713 -6.105 -5.496
-0.127 -0.368 -0.715 -1.155 -1.679 -2.276 -2.937 -3.650 -4.406 -5.192 -5.998 -6.810 -7.619 -8.414 -9.187 -9.931 -10.640 -11.308 -11.930 -12.503 -13.023 -13.486 -13.892 -14.237 -14.521 -14.743 -14.902 -14.997 -15.030 -15.000 -14.908 -14.756 -14.545 -14.277 -13.955 -13.581 -13.158 -12.691 -12.184 -11.642 -11.072 -10.480 -9.873 -9.254 -8.629 -7.998 -7.366 -6.732 -6.098 -5.464
-0.131 -0.382 -0.740 -1.195 -1.736 -2.352 -3.033 -3.768 -4.545 -5.354 -6.182 -7.016 -7.846 -8.661 -9.454 -10.216 -10.941 -11.623 -12.259 -12.843 -13.372 -13.844 -14.255 -14.605 -14.892 -15.115 -15.273 -15.366 -15.394 -15.359 -15.259 -15.098 -14.876 -14.595 -14.258 -13.868 -13.428 -12.942 -12.414 -11.851 -11.259 -10.644 -10.013 -9.370 -8.720 -8.066 -7.409 -6.751 -6.093 -5.435
-0.136 -0.394 -0.764 -1.233 -1.789 -2.423 -3.123 -3.877 -4.675 -5.504 -6.353 -7.208 -8.057 -8.891 -9.701 -10.480 -11.220 -11.917 -12.564 -13.159 -13.697 -14.176 -14.594 -14.948 -15.238 -15.461 -15.619 -15.709 -15.734 -15.692 -15.586 -15.416 -15.183 -14.891 -14.540 -14.135 -13.679 -13.175 -12.629 -12.046 -11.433 -10.796 -10.143 -9.479 -8.807 -8.130 -7.450 -6.770 -6.089 -5.408
-0.140 -0.406 -0.785 -1.267 -1.838 -2.488 -3.205 -3.977 -4.794 -5.642 -6.509 -7.382 -8.250 -9.101 -9.928 -10.721 -11.475 -12.184 -12.843 -13.448 -13.994 -14.480 -14.903 -15.261 -15.553 -15.778 -15.935 -16.024 -16.044 -15.998 -15.885 -15.707 -15.465 -15.161 -14.799 -14.380 -13.908 -13.389 -12.825 -12.224 -11.592 -10.936 -10.264 -9.579 -8.886 -8.189 -7.489 -6.788 -6.086 -5.384
-0.143 -0.416 -0.805 -1.297 -1.882 -2.546 -3.278 -4.067 -4.900 -5.765 -6.649 -7.539 -8.422 -9.289 -10.130 -10.937 -11.704 -12.424 -13.093 -13.706 -14.260 -14.753 -15.181 -15.542 -15.836 -16.062 -16.218 -16.305 -16.323 -16.272 -16.153 -15.967 -15.717 -15.403 -15.030 -14.599 -14.114 -13.580 -13.001 -12.384 -11.735 -11.062 -10.372 -9.669 -8.958 -8.242 -7.524 -6.804 -6.084 -5.363
-0.146 -0.425 -0.822 -1.324 -1.920 -2.596 -3.342 -4.145 -4.992 -5.872 -6.771 -7.675 -8.573 -9.453 -10.306 -11.125 -11.903 -12.633 -13.311 -13.932 -14.493 -14.991 -15.423 -15.788 -16.084 -16.310 -16.466 -16.551 -16.566 -16.511 -16.387 -16.195 -15.937 -15.615 -15.232 -14.790 -14.294 -13.747 -13.155 -12.524 -11.861 -11.173 -10.467 -9.748 -9.022 -8.290 -7.555 -6.819 -6.082 -5.345
-0.149 -0.432 -0.836 -1.347 -1.952 -2.639 -3.396 -4.211 -5.071 -5.963 -6.874 -7.790 -8.700 -9.591 -10.456 -11.285 -12.071 -12.810 -13.495 -14.123 -14.690 -15.192 -15.628 -15.995 -16.293 -16.520 -16.675 -16.759 -16.772 -16.713 -16.585 -16.388 -16.123 -15.794 -15.403 -14.952 -14.446 -13.889 -13.286 -12.643 -11.967 -11.266 -10.548 -9.816 -9.075 -8.330 -7.581 -6.832 -6.081 -5.331
-0.151 -0.438 -0.847 -1.365 -1.978 -2.674 -3.440 -4.264 -5.134 -6.036 -6.957 -7.884 -8.803 -9.703 -10.576 -11.413 -12.208 -12.953 -13.645 -14.278 -14.849 -15.355 -15.794 -16.164 -16.463 -16.690 -16.845 -16.928 -16.938 -16.877 -16.745 -16.544 -16.274 -15.939 -15.541 -15.083 -14.569 -14.004 -13.392 -12.739 -12.053 -11.342 -10.613 -9.870 -9.119 -8.363 -7.603 -6.842 -6.081 -5.319
-0.153 -0.443 -0.856 -1.379 -1.998 -2.700 -3.473 -4.305 -5.182 -6.092 -7.020 -7.954 -8.880 -9.788 -10.668 -11.511 -12.311 -13.062 -13.758 -14.395 -14.970 -15.479 -15.920 -16.291 -16.591 -16.819 -16.974 -17.056 -17.065 -17.001 -16.867 -16.662 -16.389 -16.049 -15.646 -15.183 -14.663 -14.091 -13.472 -12.812 -12.119 -11.400 -10.663 -9.912 -9.153 -8.388 -7.620 -6.851 -6.081 -5.311
-0.154 -0.446 -0.862 -1.388 -2.011 -2.718 -3.495 -4.332 -5.214 -6.129 -7.063 -8.001 -8.932 -9.845 -10.729 -11.576 -12.380 -13.134 -13.834 -14.473 -15.050 -15.561 -16.004 -16.376 -16.677 -16.905 -17.060 -17.141 -17.149 -17.085 -16.948 -16.741 -16.465 -16.123 -15.717 -15.249 -14.725 -14.149 -13.526 -12.861 -12.163 -11.439 -10.696 -9.940 -9.175 -8.405 -7.631 -6.856 -6.081 -5.305
-0.154 -0.448 -0.865 -1.393 -2.017 -2.726 -3.507 -4.345 -5.230 -6.148 -7.084 -8.025 -8.959 -9.873 -10.760 -11.609 -12.415 -13.171 -13.872 -14.513 -15.091 -15.603 -16.046 -16.419 -16.720 -16.949 -17.103 -17.184 -17.192 -17.127 -16.989 -16.781 -16.504 -16.160 -15.752 -15.283 -14.757 -14.178 -13.553 -12.886 -12.185 -11.458 -10.713 -9.954 -9.186 -8.413 -7.637 -6.859 -6.081 -5.302
-0.154 -0.448 -0.865 -1.393 -2.017 -2.726 -3.507 -4.345 -5.230 -6.148 -7.084 -8.025 -8.959 -9.873 -10.760 -11.609 -12.415 -13.171 -13.872 -14.513 -15.091 -15.603 -16.046 -16.419 -16.720 -16.949 -17.103 -17.184 -17.192 -17.127 -16.989 -16.781 -16.504 -16.160 -15.752 -15.283 -14.757 -14.178 -13.553 -12.886 -12.185 -11.458 -10.713 -9.954 -9.186 -8.413 -7.637 -6.859 -6.081 -5.302
-0.154 -0.446 -0.862 -1.388 -2.011 -2.718 -3.495 -4.332 -5.214 -6.129 -7.063 -8.001 -8.932 -9.845 -10.729 -11.576 -12.380 -13.134 -13.834 -14.473 -15.050 -15.561 -16.004 -16.376 -16.677 -16.905 -17.060 -17.141 -17.149 -17.085 -16.948 -16.741 -16.465 -16.123 -15.717 -15.249 -14.725 -14.149 -13.526 -12.861 -12.163 -11.439 -10.696 -9.940 -9.175 -8.405 -7.631 -6.856 -6.081 -5.305
-0.153 -0.443 -0.856 -1.379 -1.998 -2.700 -3.473 -4.305 -5.182 -6.092 -7.020 -7.954 -8.880 -9.788 -10.668 -11.511 -12.311 -13.062 -13.758 -14.395 -14.970 -15.479 -15.920 -16.291 -16.591 -16.819 -16.974 -17.056 -17.065 -17.001 -16.867 -16.662 -16.389 -16.049 -15.646 -15.183 -14.663 -14.091 -13.472 -12.812 -12.119 -11.400 -10.663 -9.912 -9.153 -8.388 -7.620 -6.851 -6.081 -5.311
-0.151 -0.438 -0.847 -1.365 -1.978 -2.674 -3.440 -4.264 -5.134 -6.036 -6.957 -7.884 -8.803 -9.703 -10.576 -11.413 -12.208 -12.953 -13.645 -14.278 -14.849 -15.355 -15.794 -16.164 -16.463 -16.690 -16.845 -16.928 -16.938 -16.877 -16.745 -16.544 -16.274 -15.939 -15.541 -15.083 -14.569 -14.004 -13.392 -12.739 -12.053 -11.342 -10.613 -9.870 -9.119 -8.363 -7.603 -6.842 -6.081 -5.319
-0.149 -0.432 -0.836 -1.347 -1.952 -2.639 -3.396 -4.211 -5.071 -5.963 -6.874 -7.790 -8.700 -9.591 -10.456 -11.285 -12.071 -12.810 -13.495 -14.123 -14.690 -15.192 -15.628 -15.995 -16.293 -16.520 -16.675 -16.759 -16.772 -16.713 -16.585 -16.388 -16.123 -15.794 -15.403 -14.952 -14.446 -13.889 -13.286 -12.643 -11.967 -11.266 -10.548 -9.816 -9.075 -8.330 -7.581 -6.832 -6.081 -5.331
-0.146 -0.425 -0.822 -1.324 -1.920 -2.596 -3.342 -4.145 -4.992 -5.872 -6.771 -7.675 -8.573 -9.453 -10.306 -11.125 -11.903 -12.633 -13.311 -13.932 -14.493 -14.991 -15.423 -15.788 -16.084 -16.310 -16.466 -16.551 -16.566 -16.511 -16.387 -16.195 -15.937 -15.615 -15.232 -14.790 -14.294 -13.747 -13.155 -12.524 -11.861 -11.173 -10.467 -9.748 -9.022 -8.290 -7.555 -6.819 -6.082 -5.345
-0.143 -0.416 -0.805 -1.297 -1.882 -2.546 -3.278 -4.067 -4.900 -5.765 -6.649 -7.539 -8.422 -9.289 -10.130 -10.937 -11.704 -12.424 -13.093 -13.706 -14.260 -14.753 -15.181 -15.542 -15.836 -16.062 -16.218 -16.305 -16.323 -16.272 -16.153 -15.967 -15.717 -15.403 -15.030 -14.599 -14.114 -13.580 -13.001 -12.384 -11.735 -11.062 -10.372 -9.669 -8.958 -8.242 -7.524 -6.804 -6.084 -5.363
-0.140 -0.406 -0.785 -1.267 -1.838 -2.488 -3.205 -3.977 -4.794 -5.642 -6.509 -7.382 -8.250 -9.101 -9.928 -10.721 -11.475 -12.184 -12.843 -13.448 -13.994 -14.480 -14.903 -15.261 -15.553 -15.778 -15.935 -16.024 -16.044 -15.998 -15.885 -15.707 -15.465 -15.161 -14.799 -14.380 -13.908 -13.389 -12.825 -12.224 -11.592 -10.936 -10.264 -9.579 -8.886 -8.189 -7.489 -6.788 -6.086 -5.384
-0.136 -0.394 -0.764 -1.233 -1.789 -2.423 -3.123 -3.877 -4.675 -5.504 -6.353 -7.208 -8.057 -8.891 -9.701 -10.480 -11.220 -11.917 -12.564 -13.159 -13.697 -14.176 -14.594 -14.948 -15.238 -15.461 -15.619 -15.709 -15.734 -15.692 -15.586 -15.416 -15.183 -14.891 -14.540 -14.135 -13.679 -13.175 -12.629 -12.046 -11.433 -10.796 -10.143 -9.479 -8.807 -8.130 -7.450 -6.770 -6.089 -5.408
-0.131 -0.382 -0.740 -1.195 -1.736 -2.352 -3.033 -3.768 -4.545 -5.354 -6.182 -7.016 -7.846 -8.661 -9.454 -10.216 -10.941 -11.623 -12.259 -12.843 -13.372 -13.844 -14.255 -14.605 -14.892 -15.115 -15.273 -15.366 -15.394 -15.359 -15.259 -15.098 -14.876 -14.595 -14.258 -13.868 -13.428 -12.942 -12.414 -11.851 -11.259 -10.644 -10.013 -9.370 -8.720 -8.066 -7.409 -6.751 -6.093 -5.435
-0.127 -0.368 -0.715 -1.155 -1.679 -2.276 -2.937 -3.650 -4.406 -5.192 -5.998 -6.810 -7.619 -8.414 -9.187 -9.931 -10.640 -11.308 -11.930 -12.503 -13.023 -13.486 -13.892 -14.237 -14.521 -14.743 -14.902 -14.997 -15.030 -15.000 -14.908 -14.756 -14.545 -14.277 -13.955 -13.581 -13.158 -12.691 -12.184 -11.642 -11.072 -10.480 -9.873 -9.254 -8.629 -7.998 -7.366 -6.732 -6.098 -5.464
-0.122 -0.354 -0.688 -1.113 -1.619 -2.196 -2.835 -3.526 -4.258 -5.021 -5.803 -6.592 -7.378 -8.152 -8.905 -9.630 -10.322 -10.975 -11.583 -12.144 -12.653 -13.109 -13.508 -13.849 -14.130 -14.350 -14.510 -14.608 -14.645 -14.621 -14.537 -14.395 -14.196 -13.942 -13.635 -13.277 -12.874 -12.427 -11.941 -11.422 -10.876 -10.308 -9.726 -9.133 -8.532 -7.928 -7.321 -6.713 -6.105 -5.496
-0.116 -0.340 -0.660 -1.069 -1.556 -2.113 -2.730 -3.397 -4.105 -4.843 -5.600 -6.365 -7.127 -7.878 -8.611 -9.317 -9.991 -10.627 -11.222 -11.770 -12.269 -12.716 -13.109 -13.445 -13.723 -13.942 -14.103 -14.203 -14.245 -14.227 -14.152 -14.020 -13.833 -13.593 -13.301 -12.962 -12.577 -12.152 -11.689 -11.194 -10.672 -10.130 -9.574 -9.007 -8.434 -7.856 -7.275 -6.694 -6.112 -5.530
-0.111 -0.325 -0.632 -1.024 -1.493 -2.029 -2.623 -3.266 -3.948 -4.660 -5.392 -6.132 -6.870 -7.598 -8.309 -8.996 -9.652 -10.272 -10.852 -11.388 -11.877 -12.315 -12.701 -13.032 -13.307 -13.525 -13.686 -13.790 -13.836 -13.825 -13.758 -13.637 -13.462 -13.236 -12.960 -12.639 -12.275 -11.871 -11.431 -10.961 -10.465 -9.950 -9.420 -8.880 -8.334 -7.783 -7.229 -6.675 -6.120 -5.565
-0.106 -0.310 -0.604 -0.979 -1.429 -1.944 -2.515 -3.134 -3.791 -4.477 -5.183 -5.897 -6.611 -7.317 -8.006 -8.673 -9.311 -9.915 -10.481 -11.004 -11.482 -11.912 -12.291 -12.617 -12.889 -13.107 -13.269 -13.375 -13.426 -13.421 -13.363 -13.252 -13.089 -12.877 -12.618 -12.315 -11.970 -11.588 -11.172 -10.727 -10.257 -9.769 -9.266 -8.754 -8.234 -7.710 -7.184 -6.657 -6.129 -5.601
-0.101 -0.295 -0.576 -0.936 -1.366 -1.860 -2.409 -3.004 -3.636 -4.297 -4.977 -5.666 -6.356 -7.039 -7.707 -8.354 -8.975 -9.563 -10.115 -10.627 -11.094 -11.516 -11.888 -12.209 -12.479 -12.695 -12.858 -12.967 -13.022 -13.024 -12.974 -12.873 -12.722 -12.524 -12.281 -11.996 -11.671 -11.310 -10.917 -10.497 -10.053 -9.591 -9.115 -8.630 -8.137 -7.640 -7.140 -6.639 -6.138 -5.637
-0.096 -0.281 -0.549 -0.893 -1.306 -1.780 -2.307 -2.879 -3.488 -4.124 -4.779 -5.444 -6.111 -6.772 -7.420 -8.049 -8.652 -9.225 -9.764 -10.264 -10.722 -11.135 -11.501 -11.818 -12.085 -12.300 -12.463 -12.575 -12.634 -12.643 -12.600 -12.509 -12.370 -12.185 -11.958 -11.689 -11.384 -11.044 -10.673 -10.276 -9.857 -9.421 -8.971 -8.511 -8.044 -7.573 -7.099 -6.623 -6.148 -5.672
-0.091 -0.267 -0.524 -0.853 -1.249 -1.705 -2.211 -2.762 -3.348 -3.961 -4.593 -5.236 -5.882 -6.522 -7.151 -7.762 -8.350 -8.909 -9.435 -9.924 -10.372 -10.778 -11.138 -11.451 -11.715 -11.929 -12.094 -12.208 -12.271 -12.285 -12.250 -12.168 -12.040 -11.868 -11.655 -11.403 -11.115 -10.794 -10.444 -10.070 -9.674 -9.261 -8.835 -8.400 -7.957 -7.510 -7.060 -6.609 -6.157 -5.705
-0.087 -0.255 -0.501 -0.817 -1.197 -1.635 -2.124 -2.654 -3.220 -3.813 -4.424 -5.046 -5.672 -6.294 -6.906 -7.501 -8.074 -8.620 -9.134 -9.613 -10.053 -10.452 -10.806 -11.115 -11.377 -11.591 -11.756 -11.872 -11.939 -11.958 -11.930 -11.857 -11.739 -11.578 -11.378 -11.141 -10.869 -10.566 -10.236 -9.881 -9.507 -9.115 -8.711 -8.298 -7.877 -7.452 -7.024 -6.595 -6.166 -5.736
-0.083 -0.244 -0.480 -0.784 -1.151 -1.574 -2.045 -2.559 -3.106 -3.680 -4.273 -4.878 -5.486 -6.092 -6.688 -7.269 -7.829 -8.363 -8.867 -9.337 -9.770 -10.162 -10.512 -10.817 -11.077 -11.290 -11.455 -11.574 -11.644 -11.668 -11.646 -11.580 -11.471 -11.321 -11.133 -10.909 -10.651 -10.364 -10.050 -9.714 -9.358 -8.986 -8.601 -8.207 -7.806 -7.401 -6.993 -6.584 -6.174 -5.764
-0.079 -0.235 -0.462 -0.756 -1.111 -1.520 -1.978 -2.476 -3.009 -3.567 -4.144 -4.733 -5.327 -5.919 -6.501 -7.070 -7.619 -8.143 -8.638 -9.100 -9.526 -9.914 -10.259 -10.562 -10.820 -11.032 -11.198 -11.318 -11.391 -11.419 -11.403 -11.343 -11.242 -11.101 -10.923 -10.710 -10.465 -10.191 -9.892 -9.570 -9.230 -8.874 -8.506 -8.129 -7.745 -7.357 -6.966 -6.574 -6.181 -5.788
-0.077 -0.227 -0.447 -0.733 -1.078 -1.477 -1.923 -2.409 -2.929 -3.474 -4.039 -4.615 -5.197 -5.777 -6.349 -6.908 -7.447 -7.963 -8.451 -8.907 -9.328 -9.710 -10.053 -10.353 -10.609 -10.821 -10.987 -11.109 -11.185 -11.216 -11.204 -11.149 -11.054 -10.921 -10.751 -10.547 -10.312 -10.049 -9.762 -9.453 -9.125 -8.783 -8.429 -8.065 -7.695 -7.321 -6.944 -6.566 -6.187 -5.808
-0.075 -0.221 -0.436 -0.715 -1.053 -1.443 -1.881 -2.358 -2.868 -3.403 -3.958 -4.525 -5.098 -5.669 -6.233 -6.784 -7.316 -7.826 -8.308 -8.759 -9.176 -9.555 -9.895 -10.193 -10.448 -10.660 -10.827 -10.949 -11.027 -11.061 -11.052 -11.002 -10.911 -10.783 -10.620 -10.423 -10.196 -9.942 -9.663 -9.363 -9.046 -8.714 -8.370 -8.017 -7.657 -7.294 -6.927 -6.560 -6.191 -5.823
-0.073 -0.217 -0.429 -0.703 -1.036 -1.421 -1.852 -2.323 -2.826 -3.356 -3.904 -4.465 -5.031 -5.596 -6.154 -6.700 -7.228 -7.733 -8.212 -8.660 -9.074 -9.451 -9.789 -10.086 -10.340 -10.551 -10.718 -10.841 -10.920 -10.956 -10.950 -10.902 -10.815 -10.691 -10.531 -10.339 -10.118 -9.869 -9.596 -9.303 -8.992 -8.667 -8.330 -7.984 -7.632 -7.275 -6.916 -6.555 -6.194 -5.833
-0.072 -0.215 -0.425 -0.697 -1.027 -1.410 -1.838 -2.305 -2.806 -3.332 -3.877 -4.434 -4.997 -5.559 -6.115 -6.658 -7.184 -7.687 -8.163 -8.610 -9.022 -9.398 -9.735 -10.031 -10.286 -10.496 -10.664 -10.787 -10.867 -10.903 -10.898 -10.852 -10.767 -10.644 -10.487 -10.297 -10.078 -9.832 -9.563 -9.273 -8.965 -8.643 -8.310 -7.967 -7.619 -7.266 -6.910 -6.553 -6.196 -5.838
