4.000000000000000000e+04
4.000000000000000000e+04
4.000000000000000000e+04
4.000000000000000000e+04
4.000000000000000000e+04
4.000000000000000000e+04
4.000000000000000000e+04
4.000000000000000000e+04
4.000000000000000000e+04
4.000000000000000000e+04
4.000000000000000000e+04
4.000000000000000000e+04
4.000000000000000000e+04
4.000000000000000000e+04
4.000000000000000000e+04
4.000000000000000000e+04
4.000000000000000000e+04
4.000000000000000000e+04
4.000000000000000000e+04
4.000000000000000000e+04
4.000000000000000000e+04
4.000000000000000000e+04
4.000000000000000000e+04
4.000000000000000000e+04
4.000000000000000000e+04
4.000000000000000000e+04
4.000000000000000000e+04
4.000000000000000000e+04
4.000000000000000000e+04
4.000000000000000000e+04
4.000000000000000000e+04
4.000000000000000000e+04
4.000000000000000000e+04
4.000000000000000000e+04
4.000000000000000000e+04
4.000000000000000000e+04
4.000000000000000000e+04
4.000000000000000000e+04
4.000000000000000000e+04
4.000000000000000000e+04
4.000000000000000000e+04
4.000000000000000000e+04
4.000000000000000000e+04
4.000000000000000000e+04
4.000000000000000000e+04
4.000000000000000000e+04
4.000000000000000000e+04
4.000000000000000000e+04
4.000000000000000000e+04
4.000000000000000000e+04
