8.235294117647059466e+03
8.470588235294117112e+03
8.705882352941176578e+03
8.941176470588236043e+03
9.176470588235293690e+03
9.411764705882353155e+03
9.647058823529412621e+03
9.882352941176470267e+03
1.011764705882352973e+04
1.035294117647058738e+04
1.058823529411764684e+04
1.082352941176470631e+04
1.105882352941176396e+04
1.129411764705882342e+04
1.152941176470588107e+04
1.176470588235294053e+04
1.200000000000000000e+04
1.223529411764705947e+04
1.247058823529411711e+04
1.270588235294117658e+04
1.294117647058823422e+04
1.317647058823529369e+04
1.341176470588235316e+04
1.364705882352941262e+04
1.388235294117647027e+04
1.411764705882352791e+04
1.435294117647058738e+04
1.458823529411764684e+04
1.482352941176470631e+04
1.505882352941176396e+04
1.529411764705882342e+04
1.552941176470588107e+04
1.576470588235294053e+04
1.600000000000000000e+04
1.623529411764705765e+04
1.647058823529411893e+04
1.670588235294117476e+04
1.694117647058823422e+04
1.717647058823529369e+04
1.741176470588235316e+04
1.764705882352941262e+04
1.788235294117646845e+04
1.811764705882353155e+04
1.835294117647058738e+04
1.858823529411764684e+04
1.882352941176470631e+04
1.905882352941176214e+04
1.929411764705882524e+04
1.952941176470588107e+04
1.976470588235294053e+04
