8.000000000000000000e+04
8.000000000000000000e+04
8.000000000000000000e+04
8.000000000000000000e+04
8.000000000000000000e+04
8.000000000000000000e+04
8.000000000000000000e+04
8.000000000000000000e+04
8.000000000000000000e+04
8.000000000000000000e+04
8.000000000000000000e+04
8.000000000000000000e+04
8.000000000000000000e+04
8.000000000000000000e+04
8.000000000000000000e+04
8.000000000000000000e+04
8.000000000000000000e+04
8.000000000000000000e+04
8.000000000000000000e+04
8.000000000000000000e+04
8.000000000000000000e+04
8.000000000000000000e+04
8.000000000000000000e+04
8.000000000000000000e+04
8.000000000000000000e+04
8.000000000000000000e+04
8.000000000000000000e+04
8.000000000000000000e+04
8.000000000000000000e+04
8.000000000000000000e+04
8.000000000000000000e+04
8.000000000000000000e+04
8.000000000000000000e+04
8.000000000000000000e+04
8.000000000000000000e+04
8.000000000000000000e+04
8.000000000000000000e+04
8.000000000000000000e+04
8.000000000000000000e+04
8.000000000000000000e+04
8.000000000000000000e+04
8.000000000000000000e+04
8.000000000000000000e+04
8.000000000000000000e+04
8.000000000000000000e+04
8.000000000000000000e+04
8.000000000000000000e+04
8.000000000000000000e+04
8.000000000000000000e+04
8.000000000000000000e+04
8.000000000000000000e+04
8.000000000000000000e+04
8.000000000000000000e+04
8.000000000000000000e+04
8.000000000000000000e+04
8.000000000000000000e+04
8.000000000000000000e+04
8.000000000000000000e+04
8.000000000000000000e+04
8.000000000000000000e+04
8.000000000000000000e+04
8.000000000000000000e+04
8.000000000000000000e+04
8.000000000000000000e+04
8.000000000000000000e+04
8.000000000000000000e+04
8.000000000000000000e+04
8.000000000000000000e+04
8.000000000000000000e+04
8.000000000000000000e+04
8.000000000000000000e+04
8.000000000000000000e+04
8.000000000000000000e+04
8.000000000000000000e+04
8.000000000000000000e+04
8.000000000000000000e+04
8.000000000000000000e+04
8.000000000000000000e+04
8.000000000000000000e+04
8.000000000000000000e+04
8.000000000000000000e+04
8.000000000000000000e+04
8.000000000000000000e+04
8.000000000000000000e+04
8.000000000000000000e+04
8.000000000000000000e+04
8.000000000000000000e+04
8.000000000000000000e+04
8.000000000000000000e+04
8.000000000000000000e+04
8.000000000000000000e+04
8.000000000000000000e+04
8.000000000000000000e+04
8.000000000000000000e+04
8.000000000000000000e+04
8.000000000000000000e+04
8.000000000000000000e+04
8.000000000000000000e+04
8.000000000000000000e+04
8.000000000000000000e+04
8.000000000000000000e+04
8.000000000000000000e+04
8.000000000000000000e+04
8.000000000000000000e+04
8.000000000000000000e+04
8.000000000000000000e+04
8.000000000000000000e+04
8.000000000000000000e+04
8.000000000000000000e+04
8.000000000000000000e+04
8.000000000000000000e+04
8.000000000000000000e+04
8.000000000000000000e+04
8.000000000000000000e+04
8.000000000000000000e+04
8.000000000000000000e+04
8.000000000000000000e+04
8.000000000000000000e+04
8.000000000000000000e+04
8.000000000000000000e+04
8.000000000000000000e+04
8.000000000000000000e+04
8.000000000000000000e+04
8.000000000000000000e+04
8.000000000000000000e+04
8.000000000000000000e+04
8.000000000000000000e+04
8.000000000000000000e+04
8.000000000000000000e+04
8.000000000000000000e+04
8.000000000000000000e+04
8.000000000000000000e+04
7.999999999999998545e+04
7.999999999999995634e+04
7.999999999999986903e+04
7.999999999999963620e+04
7.999999999999899592e+04
7.999999999999729334e+04
7.999999999999281135e+04
7.999999999998122803e+04
7.999999999995167309e+04
7.999999999987754563e+04
7.999999999969455530e+04
7.999999999924992153e+04
7.999999999818652577e+04
7.999999999568356725e+04
7.999999998988526931e+04
7.999999997666558193e+04
7.999999994700263778e+04
7.999999988149802084e+04
7.999999973913784197e+04
7.999999943465869001e+04
7.999999879378560581e+04
7.999999746631603921e+04
7.999999476044350013e+04
7.999998933279205812e+04
7.999997861933826061e+04
7.999995781037419511e+04
7.999991803954647912e+04
7.999984324652366922e+04
7.999970484906877391e+04
7.999945287660784379e+04
7.999900151726997865e+04
7.999820605146164598e+04
7.999682682844647206e+04
7.999447424948608386e+04
7.999052665962038736e+04
7.998401071072441118e+04
7.997343135987012647e+04
7.995653660551218491e+04
7.993000095649073774e+04
7.988901233402427169e+04
7.982675070343991683e+04
7.973375443015576457e+04
7.959718331690380001e+04
7.940000634641460783e+04
7.912016747417120496e+04
7.872981342539223260e+04
7.819470087401790079e+04
7.747393236571716261e+04
7.652019485702613019e+04
7.528068435405069613e+04
7.369888690951636818e+04
7.171734309791108535e+04
6.928144556766026653e+04
6.634420738761477696e+04
6.287179878707292664e+04
5.884949465007361141e+04
5.428752458521869994e+04
4.922619630102076189e+04
4.373959774768815259e+04
3.793719751000066026e+04
3.196277175075943524e+04
2.599029250572442834e+04
2.021670352247061965e+04
1.485185705802575831e+04
1.010624531530003878e+04
6.177482605125420378e+03
3.236727829473544261e+03
1.416339289788709721e+03
8.000000000000000000e+02
1.416339289788709721e+03
3.236727829473544261e+03
6.177482605125420378e+03
1.010624531530003878e+04
1.485185705802575831e+04
2.021670352247061965e+04
2.599029250572442834e+04
3.196277175075943524e+04
3.793719751000066026e+04
4.373959774768815259e+04
4.922619630102076189e+04
5.428752458521869994e+04
5.884949465007361141e+04
6.287179878707292664e+04
6.634420738761477696e+04
6.928144556766026653e+04
7.171734309791108535e+04
7.369888690951636818e+04
7.528068435405069613e+04
7.652019485702613019e+04
7.747393236571716261e+04
7.819470087401790079e+04
7.872981342539223260e+04
7.912016747417120496e+04
7.940000634641460783e+04
7.959718331690380001e+04
7.973375443015576457e+04
7.982675070343991683e+04
7.988901233402427169e+04
7.993000095649073774e+04
7.995653660551218491e+04
7.997343135987012647e+04
7.998401071072441118e+04
7.999052665962038736e+04
7.999447424948608386e+04
7.999682682844647206e+04
7.999820605146164598e+04
7.999900151726997865e+04
7.999945287660784379e+04
7.999970484906877391e+04
7.999984324652366922e+04
7.999991803954647912e+04
7.999995781037419511e+04
7.999997861933826061e+04
7.999998933279205812e+04
7.999999476044350013e+04
7.999999746631603921e+04
7.999999879378560581e+04
7.999999943465869001e+04
7.999999973913784197e+04
7.999999988149802084e+04
7.999999994700263778e+04
7.999999997666558193e+04
7.999999998988526931e+04
7.999999999568356725e+04
7.999999999818652577e+04
7.999999999924992153e+04
7.999999999969455530e+04
7.999999999987754563e+04
7.999999999995167309e+04
7.999999999998122803e+04
7.999999999999281135e+04
7.999999999999729334e+04
7.999999999999899592e+04
7.999999999999963620e+04
7.999999999999986903e+04
7.999999999999995634e+04
7.999999999999998545e+04
8.000000000000000000e+04
8.000000000000000000e+04
8.000000000000000000e+04
8.000000000000000000e+04
8.000000000000000000e+04
8.000000000000000000e+04
8.000000000000000000e+04
8.000000000000000000e+04
8.000000000000000000e+04
8.000000000000000000e+04
8.000000000000000000e+04
8.000000000000000000e+04
8.000000000000000000e+04
8.000000000000000000e+04
8.000000000000000000e+04
8.000000000000000000e+04
8.000000000000000000e+04
8.000000000000000000e+04
8.000000000000000000e+04
8.000000000000000000e+04
8.000000000000000000e+04
8.000000000000000000e+04
8.000000000000000000e+04
8.000000000000000000e+04
8.000000000000000000e+04
8.000000000000000000e+04
8.000000000000000000e+04
8.000000000000000000e+04
8.000000000000000000e+04
8.000000000000000000e+04
8.000000000000000000e+04
8.000000000000000000e+04
8.000000000000000000e+04
8.000000000000000000e+04
8.000000000000000000e+04
8.000000000000000000e+04
8.000000000000000000e+04
8.000000000000000000e+04
8.000000000000000000e+04
8.000000000000000000e+04
8.000000000000000000e+04
8.000000000000000000e+04
8.000000000000000000e+04
8.000000000000000000e+04
8.000000000000000000e+04
8.000000000000000000e+04
8.000000000000000000e+04
8.000000000000000000e+04
8.000000000000000000e+04
8.000000000000000000e+04
8.000000000000000000e+04
8.000000000000000000e+04
8.000000000000000000e+04
8.000000000000000000e+04
8.000000000000000000e+04
8.000000000000000000e+04
8.000000000000000000e+04
8.000000000000000000e+04
8.000000000000000000e+04
8.000000000000000000e+04
8.000000000000000000e+04
8.000000000000000000e+04
8.000000000000000000e+04
8.000000000000000000e+04
8.000000000000000000e+04
8.000000000000000000e+04
8.000000000000000000e+04
8.000000000000000000e+04
8.000000000000000000e+04
8.000000000000000000e+04
8.000000000000000000e+04
8.000000000000000000e+04
8.000000000000000000e+04
8.000000000000000000e+04
8.000000000000000000e+04
8.000000000000000000e+04
8.000000000000000000e+04
8.000000000000000000e+04
8.000000000000000000e+04
8.000000000000000000e+04
8.000000000000000000e+04
8.000000000000000000e+04
8.000000000000000000e+04
8.000000000000000000e+04
8.000000000000000000e+04
8.000000000000000000e+04
8.000000000000000000e+04
8.000000000000000000e+04
8.000000000000000000e+04
8.000000000000000000e+04
8.000000000000000000e+04
8.000000000000000000e+04
8.000000000000000000e+04
8.000000000000000000e+04
8.000000000000000000e+04
8.000000000000000000e+04
8.000000000000000000e+04
8.000000000000000000e+04
8.000000000000000000e+04
8.000000000000000000e+04
8.000000000000000000e+04
8.000000000000000000e+04
8.000000000000000000e+04
8.000000000000000000e+04
8.000000000000000000e+04
8.000000000000000000e+04
8.000000000000000000e+04
8.000000000000000000e+04
8.000000000000000000e+04
8.000000000000000000e+04
8.000000000000000000e+04
8.000000000000000000e+04
8.000000000000000000e+04
8.000000000000000000e+04
8.000000000000000000e+04
8.000000000000000000e+04
8.000000000000000000e+04
8.000000000000000000e+04
8.000000000000000000e+04
8.000000000000000000e+04
8.000000000000000000e+04
8.000000000000000000e+04
8.000000000000000000e+04
8.000000000000000000e+04
8.000000000000000000e+04
8.000000000000000000e+04
8.000000000000000000e+04
8.000000000000000000e+04
8.000000000000000000e+04
8.000000000000000000e+04
8.000000000000000000e+04
8.000000000000000000e+04
8.000000000000000000e+04
8.000000000000000000e+04
8.000000000000000000e+04
8.000000000000000000e+04
8.000000000000000000e+04
8.000000000000000000e+04
8.000000000000000000e+04
8.000000000000000000e+04
8.000000000000000000e+04
8.000000000000000000e+04
8.000000000000000000e+04
8.000000000000000000e+04
8.000000000000000000e+04
8.000000000000000000e+04
8.000000000000000000e+04
8.000000000000000000e+04
8.000000000000000000e+04
8.000000000000000000e+04
8.000000000000000000e+04
8.000000000000000000e+04
8.000000000000000000e+04
8.000000000000000000e+04
8.000000000000000000e+04
8.000000000000000000e+04
8.000000000000000000e+04
8.000000000000000000e+04
8.000000000000000000e+04
8.000000000000000000e+04
8.000000000000000000e+04
8.000000000000000000e+04
8.000000000000000000e+04
8.000000000000000000e+04
8.000000000000000000e+04
8.000000000000000000e+04
8.000000000000000000e+04
8.000000000000000000e+04
8.000000000000000000e+04
8.000000000000000000e+04
8.000000000000000000e+04
8.000000000000000000e+04
8.000000000000000000e+04
8.000000000000000000e+04
8.000000000000000000e+04
8.000000000000000000e+04
8.000000000000000000e+04
8.000000000000000000e+04
8.000000000000000000e+04
8.000000000000000000e+04
8.000000000000000000e+04
8.000000000000000000e+04
8.000000000000000000e+04
8.000000000000000000e+04
8.000000000000000000e+04
8.000000000000000000e+04
8.000000000000000000e+04
8.000000000000000000e+04
8.000000000000000000e+04
8.000000000000000000e+04
8.000000000000000000e+04
8.000000000000000000e+04
8.000000000000000000e+04
8.000000000000000000e+04
8.000000000000000000e+04
8.000000000000000000e+04
8.000000000000000000e+04
8.000000000000000000e+04
8.000000000000000000e+04
8.000000000000000000e+04
8.000000000000000000e+04
8.000000000000000000e+04
8.000000000000000000e+04
8.000000000000000000e+04
8.000000000000000000e+04
8.000000000000000000e+04
8.000000000000000000e+04
8.000000000000000000e+04
8.000000000000000000e+04
8.000000000000000000e+04
8.000000000000000000e+04
8.000000000000000000e+04
8.000000000000000000e+04
8.000000000000000000e+04
8.000000000000000000e+04
8.000000000000000000e+04
8.000000000000000000e+04
8.000000000000000000e+04
8.000000000000000000e+04
8.000000000000000000e+04
8.000000000000000000e+04
8.000000000000000000e+04
8.000000000000000000e+04
8.000000000000000000e+04
8.000000000000000000e+04
8.000000000000000000e+04
8.000000000000000000e+04
8.000000000000000000e+04
8.000000000000000000e+04
8.000000000000000000e+04
8.000000000000000000e+04
8.000000000000000000e+04
8.000000000000000000e+04
8.000000000000000000e+04
8.000000000000000000e+04
8.000000000000000000e+04
8.000000000000000000e+04
8.000000000000000000e+04
8.000000000000000000e+04
8.000000000000000000e+04
8.000000000000000000e+04
8.000000000000000000e+04
8.000000000000000000e+04
8.000000000000000000e+04
8.000000000000000000e+04
8.000000000000000000e+04
8.000000000000000000e+04
8.000000000000000000e+04
8.000000000000000000e+04
8.000000000000000000e+04
8.000000000000000000e+04
8.000000000000000000e+04
8.000000000000000000e+04
8.000000000000000000e+04
8.000000000000000000e+04
8.000000000000000000e+04
8.000000000000000000e+04
8.000000000000000000e+04
8.000000000000000000e+04
8.000000000000000000e+04
8.000000000000000000e+04
8.000000000000000000e+04
8.000000000000000000e+04
8.000000000000000000e+04
8.000000000000000000e+04
8.000000000000000000e+04
8.000000000000000000e+04
8.000000000000000000e+04
8.000000000000000000e+04
8.000000000000000000e+04
8.000000000000000000e+04
8.000000000000000000e+04
8.000000000000000000e+04
8.000000000000000000e+04
8.000000000000000000e+04
8.000000000000000000e+04
8.000000000000000000e+04
8.000000000000000000e+04
8.000000000000000000e+04
8.000000000000000000e+04
8.000000000000000000e+04
8.000000000000000000e+04
8.000000000000000000e+04
8.000000000000000000e+04
8.000000000000000000e+04
8.000000000000000000e+04
8.000000000000000000e+04
8.000000000000000000e+04
8.000000000000000000e+04
8.000000000000000000e+04
8.000000000000000000e+04
8.000000000000000000e+04
8.000000000000000000e+04
8.000000000000000000e+04
8.000000000000000000e+04
8.000000000000000000e+04
8.000000000000000000e+04
8.000000000000000000e+04
8.000000000000000000e+04
8.000000000000000000e+04
8.000000000000000000e+04
8.000000000000000000e+04
8.000000000000000000e+04
8.000000000000000000e+04
8.000000000000000000e+04
8.000000000000000000e+04
8.000000000000000000e+04
8.000000000000000000e+04
8.000000000000000000e+04
8.000000000000000000e+04
8.000000000000000000e+04
8.000000000000000000e+04
8.000000000000000000e+04
8.000000000000000000e+04
8.000000000000000000e+04
8.000000000000000000e+04
8.000000000000000000e+04
8.000000000000000000e+04
8.000000000000000000e+04
8.000000000000000000e+04
8.000000000000000000e+04
8.000000000000000000e+04
8.000000000000000000e+04
8.000000000000000000e+04
8.000000000000000000e+04
8.000000000000000000e+04
8.000000000000000000e+04
8.000000000000000000e+04
8.000000000000000000e+04
8.000000000000000000e+04
8.000000000000000000e+04
8.000000000000000000e+04
8.000000000000000000e+04
8.000000000000000000e+04
8.000000000000000000e+04
8.000000000000000000e+04
8.000000000000000000e+04
8.000000000000000000e+04
8.000000000000000000e+04
8.000000000000000000e+04
8.000000000000000000e+04
8.000000000000000000e+04
8.000000000000000000e+04
8.000000000000000000e+04
8.000000000000000000e+04
8.000000000000000000e+04
8.000000000000000000e+04
8.000000000000000000e+04
8.000000000000000000e+04
8.000000000000000000e+04
8.000000000000000000e+04
8.000000000000000000e+04
8.000000000000000000e+04
8.000000000000000000e+04
8.000000000000000000e+04
8.000000000000000000e+04
8.000000000000000000e+04
8.000000000000000000e+04
8.000000000000000000e+04
8.000000000000000000e+04
8.000000000000000000e+04
8.000000000000000000e+04
8.000000000000000000e+04
8.000000000000000000e+04
8.000000000000000000e+04
8.000000000000000000e+04
8.000000000000000000e+04
8.000000000000000000e+04
8.000000000000000000e+04
8.000000000000000000e+04
8.000000000000000000e+04
8.000000000000000000e+04
8.000000000000000000e+04
8.000000000000000000e+04
8.000000000000000000e+04
8.000000000000000000e+04
8.000000000000000000e+04
8.000000000000000000e+04
8.000000000000000000e+04
8.000000000000000000e+04
8.000000000000000000e+04
8.000000000000000000e+04
8.000000000000000000e+04
8.000000000000000000e+04
8.000000000000000000e+04
8.000000000000000000e+04
8.000000000000000000e+04
8.000000000000000000e+04
8.000000000000000000e+04
8.000000000000000000e+04
8.000000000000000000e+04
8.000000000000000000e+04
8.000000000000000000e+04
8.000000000000000000e+04
8.000000000000000000e+04
8.000000000000000000e+04
8.000000000000000000e+04
8.000000000000000000e+04
8.000000000000000000e+04
8.000000000000000000e+04
8.000000000000000000e+04
8.000000000000000000e+04
8.000000000000000000e+04
8.000000000000000000e+04
8.000000000000000000e+04
8.000000000000000000e+04
8.000000000000000000e+04
8.000000000000000000e+04
8.000000000000000000e+04
8.000000000000000000e+04
8.000000000000000000e+04
8.000000000000000000e+04
8.000000000000000000e+04
8.000000000000000000e+04
8.000000000000000000e+04
8.000000000000000000e+04
8.000000000000000000e+04
8.000000000000000000e+04
8.000000000000000000e+04
8.000000000000000000e+04
8.000000000000000000e+04
8.000000000000000000e+04
8.000000000000000000e+04
8.000000000000000000e+04
8.000000000000000000e+04
8.000000000000000000e+04
8.000000000000000000e+04
8.000000000000000000e+04
8.000000000000000000e+04
8.000000000000000000e+04
8.000000000000000000e+04
8.000000000000000000e+04
8.000000000000000000e+04
8.000000000000000000e+04
8.000000000000000000e+04
8.000000000000000000e+04
8.000000000000000000e+04
8.000000000000000000e+04
8.000000000000000000e+04
8.000000000000000000e+04
8.000000000000000000e+04
8.000000000000000000e+04
8.000000000000000000e+04
8.000000000000000000e+04
8.000000000000000000e+04
8.000000000000000000e+04
8.000000000000000000e+04
8.000000000000000000e+04
8.000000000000000000e+04
8.000000000000000000e+04
8.000000000000000000e+04
8.000000000000000000e+04
8.000000000000000000e+04
8.000000000000000000e+04
8.000000000000000000e+04
8.000000000000000000e+04
8.000000000000000000e+04
8.000000000000000000e+04
8.000000000000000000e+04
8.000000000000000000e+04
8.000000000000000000e+04
8.000000000000000000e+04
8.000000000000000000e+04
8.000000000000000000e+04
8.000000000000000000e+04
8.000000000000000000e+04
8.000000000000000000e+04
8.000000000000000000e+04
8.000000000000000000e+04
8.000000000000000000e+04
8.000000000000000000e+04
8.000000000000000000e+04
8.000000000000000000e+04
8.000000000000000000e+04
8.000000000000000000e+04
8.000000000000000000e+04
8.000000000000000000e+04
8.000000000000000000e+04
8.000000000000000000e+04
8.000000000000000000e+04
8.000000000000000000e+04
8.000000000000000000e+04
8.000000000000000000e+04
8.000000000000000000e+04
8.000000000000000000e+04
8.000000000000000000e+04
8.000000000000000000e+04
8.000000000000000000e+04
8.000000000000000000e+04
8.000000000000000000e+04
8.000000000000000000e+04
8.000000000000000000e+04
8.000000000000000000e+04
8.000000000000000000e+04
8.000000000000000000e+04
8.000000000000000000e+04
8.000000000000000000e+04
8.000000000000000000e+04
8.000000000000000000e+04
8.000000000000000000e+04
8.000000000000000000e+04
8.000000000000000000e+04
8.000000000000000000e+04
8.000000000000000000e+04
8.000000000000000000e+04
8.000000000000000000e+04
8.000000000000000000e+04
8.000000000000000000e+04
8.000000000000000000e+04
8.000000000000000000e+04
8.000000000000000000e+04
8.000000000000000000e+04
8.000000000000000000e+04
8.000000000000000000e+04
8.000000000000000000e+04
8.000000000000000000e+04
8.000000000000000000e+04
8.000000000000000000e+04
8.000000000000000000e+04
8.000000000000000000e+04
8.000000000000000000e+04
8.000000000000000000e+04
8.000000000000000000e+04
8.000000000000000000e+04
8.000000000000000000e+04
8.000000000000000000e+04
8.000000000000000000e+04
8.000000000000000000e+04
8.000000000000000000e+04
8.000000000000000000e+04
8.000000000000000000e+04
8.000000000000000000e+04
8.000000000000000000e+04
8.000000000000000000e+04
8.000000000000000000e+04
8.000000000000000000e+04
8.000000000000000000e+04
8.000000000000000000e+04
8.000000000000000000e+04
8.000000000000000000e+04
8.000000000000000000e+04
8.000000000000000000e+04
8.000000000000000000e+04
8.000000000000000000e+04
8.000000000000000000e+04
8.000000000000000000e+04
8.000000000000000000e+04
8.000000000000000000e+04
8.000000000000000000e+04
8.000000000000000000e+04
8.000000000000000000e+04
8.000000000000000000e+04
8.000000000000000000e+04
8.000000000000000000e+04
8.000000000000000000e+04
8.000000000000000000e+04
8.000000000000000000e+04
8.000000000000000000e+04
8.000000000000000000e+04
8.000000000000000000e+04
8.000000000000000000e+04
8.000000000000000000e+04
8.000000000000000000e+04
8.000000000000000000e+04
8.000000000000000000e+04
8.000000000000000000e+04
8.000000000000000000e+04
8.000000000000000000e+04
8.000000000000000000e+04
8.000000000000000000e+04
8.000000000000000000e+04
8.000000000000000000e+04
8.000000000000000000e+04
8.000000000000000000e+04
8.000000000000000000e+04
8.000000000000000000e+04
8.000000000000000000e+04
8.000000000000000000e+04
8.000000000000000000e+04
8.000000000000000000e+04
8.000000000000000000e+04
8.000000000000000000e+04
8.000000000000000000e+04
8.000000000000000000e+04
8.000000000000000000e+04
8.000000000000000000e+04
8.000000000000000000e+04
8.000000000000000000e+04
8.000000000000000000e+04
8.000000000000000000e+04
8.000000000000000000e+04
8.000000000000000000e+04
8.000000000000000000e+04
8.000000000000000000e+04
8.000000000000000000e+04
8.000000000000000000e+04
8.000000000000000000e+04
8.000000000000000000e+04
8.000000000000000000e+04
8.000000000000000000e+04
8.000000000000000000e+04
8.000000000000000000e+04
8.000000000000000000e+04
8.000000000000000000e+04
8.000000000000000000e+04
8.000000000000000000e+04
8.000000000000000000e+04
8.000000000000000000e+04
8.000000000000000000e+04
8.000000000000000000e+04
8.000000000000000000e+04
8.000000000000000000e+04
8.000000000000000000e+04
8.000000000000000000e+04
8.000000000000000000e+04
8.000000000000000000e+04
8.000000000000000000e+04
8.000000000000000000e+04
8.000000000000000000e+04
8.000000000000000000e+04
8.000000000000000000e+04
8.000000000000000000e+04
8.000000000000000000e+04
8.000000000000000000e+04
8.000000000000000000e+04
8.000000000000000000e+04
8.000000000000000000e+04
8.000000000000000000e+04
8.000000000000000000e+04
8.000000000000000000e+04
8.000000000000000000e+04
8.000000000000000000e+04
8.000000000000000000e+04
8.000000000000000000e+04
8.000000000000000000e+04
8.000000000000000000e+04
8.000000000000000000e+04
8.000000000000000000e+04
8.000000000000000000e+04
8.000000000000000000e+04
8.000000000000000000e+04
8.000000000000000000e+04
8.000000000000000000e+04
8.000000000000000000e+04
8.000000000000000000e+04
8.000000000000000000e+04
8.000000000000000000e+04
8.000000000000000000e+04
8.000000000000000000e+04
8.000000000000000000e+04
8.000000000000000000e+04
8.000000000000000000e+04
8.000000000000000000e+04
8.000000000000000000e+04
8.000000000000000000e+04
8.000000000000000000e+04
8.000000000000000000e+04
8.000000000000000000e+04
8.000000000000000000e+04
8.000000000000000000e+04
8.000000000000000000e+04
8.000000000000000000e+04
8.000000000000000000e+04
7.999999999999998545e+04
7.999999999999995634e+04
7.999999999999986903e+04
7.999999999999963620e+04
7.999999999999899592e+04
7.999999999999729334e+04
7.999999999999281135e+04
7.999999999998122803e+04
7.999999999995167309e+04
7.999999999987754563e+04
7.999999999969455530e+04
7.999999999924992153e+04
7.999999999818652577e+04
7.999999999568356725e+04
7.999999998988526931e+04
7.999999997666558193e+04
7.999999994700263778e+04
7.999999988149802084e+04
7.999999973913784197e+04
7.999999943465869001e+04
7.999999879378560581e+04
7.999999746631603921e+04
7.999999476044350013e+04
7.999998933279205812e+04
7.999997861933826061e+04
7.999995781037419511e+04
7.999991803954647912e+04
7.999984324652366922e+04
7.999970484906877391e+04
7.999945287660784379e+04
7.999900151726997865e+04
7.999820605146164598e+04
7.999682682844647206e+04
7.999447424948608386e+04
7.999052665962038736e+04
7.998401071072441118e+04
7.997343135987012647e+04
7.995653660551218491e+04
7.993000095649073774e+04
7.988901233402427169e+04
7.982675070343991683e+04
7.973375443015576457e+04
7.959718331690380001e+04
7.940000634641460783e+04
7.912016747417120496e+04
7.872981342539223260e+04
7.819470087401790079e+04
7.747393236571716261e+04
7.652019485702613019e+04
7.528068435405069613e+04
7.369888690951636818e+04
7.171734309791108535e+04
6.928144556766026653e+04
6.634420738761477696e+04
6.287179878707292664e+04
5.884949465007361141e+04
5.428752458521869994e+04
4.922619630102076189e+04
4.373959774768815259e+04
3.793719751000066026e+04
3.196277175075943524e+04
2.599029250572442834e+04
2.021670352247061965e+04
1.485185705802575831e+04
1.010624531530003878e+04
6.177482605125420378e+03
3.236727829473544261e+03
1.416339289788709721e+03
8.000000000000000000e+02
1.416339289788709721e+03
3.236727829473544261e+03
6.177482605125420378e+03
1.010624531530003878e+04
1.485185705802575831e+04
2.021670352247061965e+04
2.599029250572442834e+04
3.196277175075943524e+04
3.793719751000066026e+04
4.373959774768815259e+04
4.922619630102076189e+04
5.428752458521869994e+04
5.884949465007361141e+04
6.287179878707292664e+04
6.634420738761477696e+04
6.928144556766026653e+04
7.171734309791108535e+04
7.369888690951636818e+04
7.528068435405069613e+04
7.652019485702613019e+04
7.747393236571716261e+04
7.819470087401790079e+04
7.872981342539223260e+04
7.912016747417120496e+04
7.940000634641460783e+04
7.959718331690380001e+04
7.973375443015576457e+04
7.982675070343991683e+04
7.988901233402427169e+04
7.993000095649073774e+04
7.995653660551218491e+04
7.997343135987012647e+04
7.998401071072441118e+04
7.999052665962038736e+04
7.999447424948608386e+04
7.999682682844647206e+04
7.999820605146164598e+04
7.999900151726997865e+04
7.999945287660784379e+04
7.999970484906877391e+04
7.999984324652366922e+04
7.999991803954647912e+04
7.999995781037419511e+04
7.999997861933826061e+04
7.999998933279205812e+04
7.999999476044350013e+04
7.999999746631603921e+04
7.999999879378560581e+04
7.999999943465869001e+04
7.999999973913784197e+04
7.999999988149802084e+04
7.999999994700263778e+04
7.999999997666558193e+04
7.999999998988526931e+04
7.999999999568356725e+04
7.999999999818652577e+04
7.999999999924992153e+04
7.999999999969455530e+04
7.999999999987754563e+04
7.999999999995167309e+04
7.999999999998122803e+04
7.999999999999281135e+04
7.999999999999729334e+04
7.999999999999899592e+04
7.999999999999963620e+04
7.999999999999986903e+04
7.999999999999995634e+04
7.999999999999998545e+04
8.000000000000000000e+04
8.000000000000000000e+04
8.000000000000000000e+04
8.000000000000000000e+04
8.000000000000000000e+04
8.000000000000000000e+04
8.000000000000000000e+04
8.000000000000000000e+04
8.000000000000000000e+04
8.000000000000000000e+04
8.000000000000000000e+04
8.000000000000000000e+04
8.000000000000000000e+04
8.000000000000000000e+04
8.000000000000000000e+04
8.000000000000000000e+04
8.000000000000000000e+04
8.000000000000000000e+04
8.000000000000000000e+04
8.000000000000000000e+04
8.000000000000000000e+04
8.000000000000000000e+04
8.000000000000000000e+04
8.000000000000000000e+04
8.000000000000000000e+04
8.000000000000000000e+04
8.000000000000000000e+04
8.000000000000000000e+04
8.000000000000000000e+04
8.000000000000000000e+04
8.000000000000000000e+04
8.000000000000000000e+04
8.000000000000000000e+04
8.000000000000000000e+04
8.000000000000000000e+04
8.000000000000000000e+04
8.000000000000000000e+04
8.000000000000000000e+04
8.000000000000000000e+04
8.000000000000000000e+04
8.000000000000000000e+04
8.000000000000000000e+04
8.000000000000000000e+04
8.000000000000000000e+04
8.000000000000000000e+04
8.000000000000000000e+04
8.000000000000000000e+04
8.000000000000000000e+04
8.000000000000000000e+04
8.000000000000000000e+04
8.000000000000000000e+04
8.000000000000000000e+04
8.000000000000000000e+04
8.000000000000000000e+04
8.000000000000000000e+04
8.000000000000000000e+04
8.000000000000000000e+04
8.000000000000000000e+04
8.000000000000000000e+04
8.000000000000000000e+04
8.000000000000000000e+04
8.000000000000000000e+04
8.000000000000000000e+04
8.000000000000000000e+04
8.000000000000000000e+04
8.000000000000000000e+04
8.000000000000000000e+04
8.000000000000000000e+04
8.000000000000000000e+04
8.000000000000000000e+04
8.000000000000000000e+04
8.000000000000000000e+04
8.000000000000000000e+04
8.000000000000000000e+04
8.000000000000000000e+04
8.000000000000000000e+04
8.000000000000000000e+04
8.000000000000000000e+04
8.000000000000000000e+04
8.000000000000000000e+04
8.000000000000000000e+04
8.000000000000000000e+04
8.000000000000000000e+04
8.000000000000000000e+04
8.000000000000000000e+04
8.000000000000000000e+04
8.000000000000000000e+04
8.000000000000000000e+04
8.000000000000000000e+04
8.000000000000000000e+04
8.000000000000000000e+04
8.000000000000000000e+04
8.000000000000000000e+04
8.000000000000000000e+04
8.000000000000000000e+04
8.000000000000000000e+04
8.000000000000000000e+04
8.000000000000000000e+04
8.000000000000000000e+04
8.000000000000000000e+04
8.000000000000000000e+04
8.000000000000000000e+04
8.000000000000000000e+04
8.000000000000000000e+04
8.000000000000000000e+04
8.000000000000000000e+04
8.000000000000000000e+04
8.000000000000000000e+04
8.000000000000000000e+04
8.000000000000000000e+04
8.000000000000000000e+04
8.000000000000000000e+04
8.000000000000000000e+04
8.000000000000000000e+04
8.000000000000000000e+04
8.000000000000000000e+04
8.000000000000000000e+04
8.000000000000000000e+04
8.000000000000000000e+04
8.000000000000000000e+04
8.000000000000000000e+04
8.000000000000000000e+04
8.000000000000000000e+04
8.000000000000000000e+04
8.000000000000000000e+04
8.000000000000000000e+04
8.000000000000000000e+04
8.000000000000000000e+04
8.000000000000000000e+04
8.000000000000000000e+04
8.000000000000000000e+04
8.000000000000000000e+04
8.000000000000000000e+04
8.000000000000000000e+04
8.000000000000000000e+04
8.000000000000000000e+04
8.000000000000000000e+04
8.000000000000000000e+04
8.000000000000000000e+04
8.000000000000000000e+04
8.000000000000000000e+04
8.000000000000000000e+04
8.000000000000000000e+04
8.000000000000000000e+04
8.000000000000000000e+04
8.000000000000000000e+04
8.000000000000000000e+04
8.000000000000000000e+04
8.000000000000000000e+04
8.000000000000000000e+04
8.000000000000000000e+04
8.000000000000000000e+04
8.000000000000000000e+04
8.000000000000000000e+04
8.000000000000000000e+04
8.000000000000000000e+04
8.000000000000000000e+04
8.000000000000000000e+04
8.000000000000000000e+04
8.000000000000000000e+04
8.000000000000000000e+04
8.000000000000000000e+04
8.000000000000000000e+04
8.000000000000000000e+04
8.000000000000000000e+04
8.000000000000000000e+04
8.000000000000000000e+04
8.000000000000000000e+04
8.000000000000000000e+04
8.000000000000000000e+04
8.000000000000000000e+04
8.000000000000000000e+04
8.000000000000000000e+04
8.000000000000000000e+04
8.000000000000000000e+04
8.000000000000000000e+04
8.000000000000000000e+04
8.000000000000000000e+04
8.000000000000000000e+04
8.000000000000000000e+04
8.000000000000000000e+04
8.000000000000000000e+04
8.000000000000000000e+04
8.000000000000000000e+04
8.000000000000000000e+04
8.000000000000000000e+04
8.000000000000000000e+04
8.000000000000000000e+04
8.000000000000000000e+04
8.000000000000000000e+04
8.000000000000000000e+04
8.000000000000000000e+04
8.000000000000000000e+04
8.000000000000000000e+04
8.000000000000000000e+04
8.000000000000000000e+04
8.000000000000000000e+04
8.000000000000000000e+04
8.000000000000000000e+04
8.000000000000000000e+04
8.000000000000000000e+04
8.000000000000000000e+04
8.000000000000000000e+04
8.000000000000000000e+04
8.000000000000000000e+04
8.000000000000000000e+04
8.000000000000000000e+04
8.000000000000000000e+04
8.000000000000000000e+04
8.000000000000000000e+04
8.000000000000000000e+04
8.000000000000000000e+04
8.000000000000000000e+04
8.000000000000000000e+04
8.000000000000000000e+04
8.000000000000000000e+04
8.000000000000000000e+04
8.000000000000000000e+04
8.000000000000000000e+04
8.000000000000000000e+04
8.000000000000000000e+04
8.000000000000000000e+04
8.000000000000000000e+04
8.000000000000000000e+04
8.000000000000000000e+04
8.000000000000000000e+04
8.000000000000000000e+04
8.000000000000000000e+04
8.000000000000000000e+04
8.000000000000000000e+04
8.000000000000000000e+04
8.000000000000000000e+04
8.000000000000000000e+04
8.000000000000000000e+04
8.000000000000000000e+04
8.000000000000000000e+04
8.000000000000000000e+04
8.000000000000000000e+04
8.000000000000000000e+04
8.000000000000000000e+04
8.000000000000000000e+04
8.000000000000000000e+04
8.000000000000000000e+04
8.000000000000000000e+04
8.000000000000000000e+04
8.000000000000000000e+04
8.000000000000000000e+04
8.000000000000000000e+04
8.000000000000000000e+04
8.000000000000000000e+04
8.000000000000000000e+04
8.000000000000000000e+04
8.000000000000000000e+04
8.000000000000000000e+04
8.000000000000000000e+04
8.000000000000000000e+04
8.000000000000000000e+04
8.000000000000000000e+04
8.000000000000000000e+04
8.000000000000000000e+04
8.000000000000000000e+04
8.000000000000000000e+04
8.000000000000000000e+04
8.000000000000000000e+04
8.000000000000000000e+04
8.000000000000000000e+04
8.000000000000000000e+04
8.000000000000000000e+04
8.000000000000000000e+04
8.000000000000000000e+04
8.000000000000000000e+04
8.000000000000000000e+04
8.000000000000000000e+04
8.000000000000000000e+04
8.000000000000000000e+04
8.000000000000000000e+04
8.000000000000000000e+04
8.000000000000000000e+04
8.000000000000000000e+04
8.000000000000000000e+04
8.000000000000000000e+04
8.000000000000000000e+04
8.000000000000000000e+04
8.000000000000000000e+04
8.000000000000000000e+04
8.000000000000000000e+04
8.000000000000000000e+04
8.000000000000000000e+04
8.000000000000000000e+04
8.000000000000000000e+04
8.000000000000000000e+04
8.000000000000000000e+04
8.000000000000000000e+04
8.000000000000000000e+04
8.000000000000000000e+04
8.000000000000000000e+04
8.000000000000000000e+04
8.000000000000000000e+04
8.000000000000000000e+04
8.000000000000000000e+04
8.000000000000000000e+04
8.000000000000000000e+04
8.000000000000000000e+04
8.000000000000000000e+04
8.000000000000000000e+04
8.000000000000000000e+04
8.000000000000000000e+04
8.000000000000000000e+04
8.000000000000000000e+04
8.000000000000000000e+04
8.000000000000000000e+04
8.000000000000000000e+04
8.000000000000000000e+04
8.000000000000000000e+04
8.000000000000000000e+04
8.000000000000000000e+04
8.000000000000000000e+04
8.000000000000000000e+04
8.000000000000000000e+04
8.000000000000000000e+04
8.000000000000000000e+04
8.000000000000000000e+04
8.000000000000000000e+04
8.000000000000000000e+04
8.000000000000000000e+04
8.000000000000000000e+04
8.000000000000000000e+04
8.000000000000000000e+04
8.000000000000000000e+04
8.000000000000000000e+04
8.000000000000000000e+04
8.000000000000000000e+04
8.000000000000000000e+04
8.000000000000000000e+04
8.000000000000000000e+04
8.000000000000000000e+04
8.000000000000000000e+04
8.000000000000000000e+04
8.000000000000000000e+04
8.000000000000000000e+04
8.000000000000000000e+04
8.000000000000000000e+04
8.000000000000000000e+04
8.000000000000000000e+04
8.000000000000000000e+04
8.000000000000000000e+04
8.000000000000000000e+04
8.000000000000000000e+04
8.000000000000000000e+04
8.000000000000000000e+04
8.000000000000000000e+04
8.000000000000000000e+04
8.000000000000000000e+04
8.000000000000000000e+04
8.000000000000000000e+04
8.000000000000000000e+04
8.000000000000000000e+04
8.000000000000000000e+04
8.000000000000000000e+04
8.000000000000000000e+04
8.000000000000000000e+04
8.000000000000000000e+04
8.000000000000000000e+04
8.000000000000000000e+04
8.000000000000000000e+04
8.000000000000000000e+04
8.000000000000000000e+04
8.000000000000000000e+04
8.000000000000000000e+04
8.000000000000000000e+04
8.000000000000000000e+04
8.000000000000000000e+04
8.000000000000000000e+04
8.000000000000000000e+04
8.000000000000000000e+04
8.000000000000000000e+04
8.000000000000000000e+04
8.000000000000000000e+04
8.000000000000000000e+04
8.000000000000000000e+04
8.000000000000000000e+04
8.000000000000000000e+04
8.000000000000000000e+04
8.000000000000000000e+04
8.000000000000000000e+04
8.000000000000000000e+04
8.000000000000000000e+04
8.000000000000000000e+04
8.000000000000000000e+04
8.000000000000000000e+04
8.000000000000000000e+04
8.000000000000000000e+04
8.000000000000000000e+04
8.000000000000000000e+04
8.000000000000000000e+04
8.000000000000000000e+04
8.000000000000000000e+04
8.000000000000000000e+04
8.000000000000000000e+04
8.000000000000000000e+04
8.000000000000000000e+04
8.000000000000000000e+04
8.000000000000000000e+04
8.000000000000000000e+04
8.000000000000000000e+04
8.000000000000000000e+04
8.000000000000000000e+04
8.000000000000000000e+04
8.000000000000000000e+04
8.000000000000000000e+04
8.000000000000000000e+04
8.000000000000000000e+04
8.000000000000000000e+04
8.000000000000000000e+04
8.000000000000000000e+04
8.000000000000000000e+04
8.000000000000000000e+04
8.000000000000000000e+04
8.000000000000000000e+04
8.000000000000000000e+04
8.000000000000000000e+04
8.000000000000000000e+04
8.000000000000000000e+04
8.000000000000000000e+04
8.000000000000000000e+04
8.000000000000000000e+04
8.000000000000000000e+04
8.000000000000000000e+04
8.000000000000000000e+04
8.000000000000000000e+04
8.000000000000000000e+04
8.000000000000000000e+04
8.000000000000000000e+04
8.000000000000000000e+04
8.000000000000000000e+04
8.000000000000000000e+04
8.000000000000000000e+04
8.000000000000000000e+04
8.000000000000000000e+04
8.000000000000000000e+04
8.000000000000000000e+04
8.000000000000000000e+04
8.000000000000000000e+04
8.000000000000000000e+04
8.000000000000000000e+04
8.000000000000000000e+04
8.000000000000000000e+04
8.000000000000000000e+04
8.000000000000000000e+04
8.000000000000000000e+04
8.000000000000000000e+04
8.000000000000000000e+04
8.000000000000000000e+04
8.000000000000000000e+04
8.000000000000000000e+04
8.000000000000000000e+04
8.000000000000000000e+04
8.000000000000000000e+04
8.000000000000000000e+04
8.000000000000000000e+04
8.000000000000000000e+04
8.000000000000000000e+04
8.000000000000000000e+04
8.000000000000000000e+04
8.000000000000000000e+04
8.000000000000000000e+04
8.000000000000000000e+04
8.000000000000000000e+04
8.000000000000000000e+04
8.000000000000000000e+04
8.000000000000000000e+04
8.000000000000000000e+04
8.000000000000000000e+04
8.000000000000000000e+04
8.000000000000000000e+04
8.000000000000000000e+04
8.000000000000000000e+04
8.000000000000000000e+04
8.000000000000000000e+04
8.000000000000000000e+04
8.000000000000000000e+04
8.000000000000000000e+04
8.000000000000000000e+04
8.000000000000000000e+04
8.000000000000000000e+04
8.000000000000000000e+04
8.000000000000000000e+04
8.000000000000000000e+04
8.000000000000000000e+04
8.000000000000000000e+04
8.000000000000000000e+04
8.000000000000000000e+04
8.000000000000000000e+04
8.000000000000000000e+04
8.000000000000000000e+04
8.000000000000000000e+04
8.000000000000000000e+04
8.000000000000000000e+04
8.000000000000000000e+04
8.000000000000000000e+04
8.000000000000000000e+04
8.000000000000000000e+04
8.000000000000000000e+04
8.000000000000000000e+04
8.000000000000000000e+04
8.000000000000000000e+04
8.000000000000000000e+04
8.000000000000000000e+04
8.000000000000000000e+04
8.000000000000000000e+04
8.000000000000000000e+04
8.000000000000000000e+04
8.000000000000000000e+04
8.000000000000000000e+04
8.000000000000000000e+04
8.000000000000000000e+04
8.000000000000000000e+04
8.000000000000000000e+04
8.000000000000000000e+04
8.000000000000000000e+04
8.000000000000000000e+04
8.000000000000000000e+04
8.000000000000000000e+04
8.000000000000000000e+04
8.000000000000000000e+04
8.000000000000000000e+04
8.000000000000000000e+04
8.000000000000000000e+04
8.000000000000000000e+04
8.000000000000000000e+04
8.000000000000000000e+04
8.000000000000000000e+04
8.000000000000000000e+04
8.000000000000000000e+04
8.000000000000000000e+04
8.000000000000000000e+04
8.000000000000000000e+04
8.000000000000000000e+04
8.000000000000000000e+04
8.000000000000000000e+04
8.000000000000000000e+04
8.000000000000000000e+04
8.000000000000000000e+04
8.000000000000000000e+04
8.000000000000000000e+04
8.000000000000000000e+04
8.000000000000000000e+04
8.000000000000000000e+04
8.000000000000000000e+04
8.000000000000000000e+04
8.000000000000000000e+04
8.000000000000000000e+04
8.000000000000000000e+04
8.000000000000000000e+04
8.000000000000000000e+04
8.000000000000000000e+04
8.000000000000000000e+04
8.000000000000000000e+04
8.000000000000000000e+04
8.000000000000000000e+04
8.000000000000000000e+04
8.000000000000000000e+04
8.000000000000000000e+04
8.000000000000000000e+04
8.000000000000000000e+04
8.000000000000000000e+04
8.000000000000000000e+04
8.000000000000000000e+04
8.000000000000000000e+04
8.000000000000000000e+04
8.000000000000000000e+04
8.000000000000000000e+04
8.000000000000000000e+04
8.000000000000000000e+04
8.000000000000000000e+04
8.000000000000000000e+04
8.000000000000000000e+04
8.000000000000000000e+04
8.000000000000000000e+04
8.000000000000000000e+04
8.000000000000000000e+04
8.000000000000000000e+04
8.000000000000000000e+04
8.000000000000000000e+04
8.000000000000000000e+04
8.000000000000000000e+04
8.000000000000000000e+04
8.000000000000000000e+04
8.000000000000000000e+04
8.000000000000000000e+04
8.000000000000000000e+04
8.000000000000000000e+04
8.000000000000000000e+04
8.000000000000000000e+04
8.000000000000000000e+04
8.000000000000000000e+04
8.000000000000000000e+04
8.000000000000000000e+04
8.000000000000000000e+04
8.000000000000000000e+04
8.000000000000000000e+04
8.000000000000000000e+04
8.000000000000000000e+04
8.000000000000000000e+04
8.000000000000000000e+04
8.000000000000000000e+04
8.000000000000000000e+04
8.000000000000000000e+04
8.000000000000000000e+04
8.000000000000000000e+04
8.000000000000000000e+04
8.000000000000000000e+04
8.000000000000000000e+04
8.000000000000000000e+04
8.000000000000000000e+04
8.000000000000000000e+04
8.000000000000000000e+04
8.000000000000000000e+04
8.000000000000000000e+04
8.000000000000000000e+04
8.000000000000000000e+04
8.000000000000000000e+04
8.000000000000000000e+04
8.000000000000000000e+04
8.000000000000000000e+04
8.000000000000000000e+04
8.000000000000000000e+04
8.000000000000000000e+04
8.000000000000000000e+04
8.000000000000000000e+04
8.000000000000000000e+04
8.000000000000000000e+04
8.000000000000000000e+04
8.000000000000000000e+04
8.000000000000000000e+04
8.000000000000000000e+04
8.000000000000000000e+04
8.000000000000000000e+04
8.000000000000000000e+04
8.000000000000000000e+04
8.000000000000000000e+04
8.000000000000000000e+04
8.000000000000000000e+04
8.000000000000000000e+04
8.000000000000000000e+04
8.000000000000000000e+04
8.000000000000000000e+04
8.000000000000000000e+04
8.000000000000000000e+04
8.000000000000000000e+04
8.000000000000000000e+04
8.000000000000000000e+04
8.000000000000000000e+04
8.000000000000000000e+04
8.000000000000000000e+04
8.000000000000000000e+04
8.000000000000000000e+04
8.000000000000000000e+04
8.000000000000000000e+04
8.000000000000000000e+04
8.000000000000000000e+04
8.000000000000000000e+04
8.000000000000000000e+04
7.999999999999998545e+04
7.999999999999995634e+04
7.999999999999986903e+04
7.999999999999963620e+04
7.999999999999899592e+04
7.999999999999729334e+04
7.999999999999281135e+04
7.999999999998122803e+04
7.999999999995167309e+04
7.999999999987754563e+04
7.999999999969455530e+04
7.999999999924992153e+04
7.999999999818652577e+04
7.999999999568356725e+04
7.999999998988526931e+04
7.999999997666558193e+04
7.999999994700263778e+04
7.999999988149802084e+04
7.999999973913784197e+04
7.999999943465869001e+04
7.999999879378560581e+04
7.999999746631603921e+04
7.999999476044350013e+04
7.999998933279205812e+04
7.999997861933826061e+04
7.999995781037419511e+04
7.999991803954647912e+04
7.999984324652366922e+04
7.999970484906877391e+04
7.999945287660784379e+04
7.999900151726997865e+04
7.999820605146164598e+04
7.999682682844647206e+04
7.999447424948608386e+04
7.999052665962038736e+04
7.998401071072441118e+04
7.997343135987012647e+04
7.995653660551218491e+04
7.993000095649073774e+04
7.988901233402427169e+04
7.982675070343991683e+04
7.973375443015576457e+04
7.959718331690380001e+04
7.940000634641460783e+04
7.912016747417120496e+04
7.872981342539223260e+04
7.819470087401790079e+04
7.747393236571716261e+04
7.652019485702613019e+04
7.528068435405069613e+04
7.369888690951636818e+04
7.171734309791108535e+04
6.928144556766026653e+04
6.634420738761477696e+04
6.287179878707292664e+04
5.884949465007361141e+04
5.428752458521869994e+04
4.922619630102076189e+04
4.373959774768815259e+04
3.793719751000066026e+04
3.196277175075943524e+04
2.599029250572442834e+04
2.021670352247061965e+04
1.485185705802575831e+04
1.010624531530003878e+04
6.177482605125420378e+03
3.236727829473544261e+03
1.416339289788709721e+03
8.000000000000000000e+02
1.416339289788709721e+03
3.236727829473544261e+03
6.177482605125420378e+03
1.010624531530003878e+04
1.485185705802575831e+04
2.021670352247061965e+04
2.599029250572442834e+04
3.196277175075943524e+04
3.793719751000066026e+04
4.373959774768815259e+04
4.922619630102076189e+04
5.428752458521869994e+04
5.884949465007361141e+04
6.287179878707292664e+04
6.634420738761477696e+04
6.928144556766026653e+04
7.171734309791108535e+04
7.369888690951636818e+04
7.528068435405069613e+04
7.652019485702613019e+04
7.747393236571716261e+04
7.819470087401790079e+04
7.872981342539223260e+04
7.912016747417120496e+04
7.940000634641460783e+04
7.959718331690380001e+04
7.973375443015576457e+04
7.982675070343991683e+04
7.988901233402427169e+04
7.993000095649073774e+04
7.995653660551218491e+04
7.997343135987012647e+04
7.998401071072441118e+04
7.999052665962038736e+04
7.999447424948608386e+04
7.999682682844647206e+04
7.999820605146164598e+04
7.999900151726997865e+04
7.999945287660784379e+04
7.999970484906877391e+04
7.999984324652366922e+04
7.999991803954647912e+04
7.999995781037419511e+04
7.999997861933826061e+04
7.999998933279205812e+04
7.999999476044350013e+04
7.999999746631603921e+04
7.999999879378560581e+04
7.999999943465869001e+04
7.999999973913784197e+04
7.999999988149802084e+04
7.999999994700263778e+04
7.999999997666558193e+04
7.999999998988526931e+04
7.999999999568356725e+04
7.999999999818652577e+04
7.999999999924992153e+04
7.999999999969455530e+04
7.999999999987754563e+04
7.999999999995167309e+04
7.999999999998122803e+04
7.999999999999281135e+04
7.999999999999729334e+04
7.999999999999899592e+04
7.999999999999963620e+04
7.999999999999986903e+04
7.999999999999995634e+04
7.999999999999998545e+04
8.000000000000000000e+04
8.000000000000000000e+04
8.000000000000000000e+04
8.000000000000000000e+04
8.000000000000000000e+04
8.000000000000000000e+04
8.000000000000000000e+04
8.000000000000000000e+04
8.000000000000000000e+04
8.000000000000000000e+04
8.000000000000000000e+04
8.000000000000000000e+04
8.000000000000000000e+04
8.000000000000000000e+04
8.000000000000000000e+04
8.000000000000000000e+04
8.000000000000000000e+04
8.000000000000000000e+04
8.000000000000000000e+04
8.000000000000000000e+04
8.000000000000000000e+04
8.000000000000000000e+04
8.000000000000000000e+04
8.000000000000000000e+04
8.000000000000000000e+04
8.000000000000000000e+04
8.000000000000000000e+04
8.000000000000000000e+04
8.000000000000000000e+04
8.000000000000000000e+04
8.000000000000000000e+04
8.000000000000000000e+04
8.000000000000000000e+04
8.000000000000000000e+04
8.000000000000000000e+04
8.000000000000000000e+04
8.000000000000000000e+04
8.000000000000000000e+04
8.000000000000000000e+04
8.000000000000000000e+04
8.000000000000000000e+04
8.000000000000000000e+04
8.000000000000000000e+04
8.000000000000000000e+04
8.000000000000000000e+04
8.000000000000000000e+04
8.000000000000000000e+04
8.000000000000000000e+04
8.000000000000000000e+04
8.000000000000000000e+04
8.000000000000000000e+04
8.000000000000000000e+04
8.000000000000000000e+04
8.000000000000000000e+04
8.000000000000000000e+04
8.000000000000000000e+04
8.000000000000000000e+04
8.000000000000000000e+04
8.000000000000000000e+04
8.000000000000000000e+04
8.000000000000000000e+04
8.000000000000000000e+04
8.000000000000000000e+04
8.000000000000000000e+04
8.000000000000000000e+04
8.000000000000000000e+04
8.000000000000000000e+04
8.000000000000000000e+04
8.000000000000000000e+04
8.000000000000000000e+04
8.000000000000000000e+04
8.000000000000000000e+04
8.000000000000000000e+04
8.000000000000000000e+04
8.000000000000000000e+04
8.000000000000000000e+04
8.000000000000000000e+04
8.000000000000000000e+04
8.000000000000000000e+04
8.000000000000000000e+04
8.000000000000000000e+04
8.000000000000000000e+04
8.000000000000000000e+04
8.000000000000000000e+04
8.000000000000000000e+04
8.000000000000000000e+04
8.000000000000000000e+04
8.000000000000000000e+04
8.000000000000000000e+04
8.000000000000000000e+04
8.000000000000000000e+04
8.000000000000000000e+04
8.000000000000000000e+04
8.000000000000000000e+04
8.000000000000000000e+04
8.000000000000000000e+04
8.000000000000000000e+04
8.000000000000000000e+04
8.000000000000000000e+04
8.000000000000000000e+04
8.000000000000000000e+04
8.000000000000000000e+04
8.000000000000000000e+04
8.000000000000000000e+04
8.000000000000000000e+04
8.000000000000000000e+04
8.000000000000000000e+04
8.000000000000000000e+04
8.000000000000000000e+04
8.000000000000000000e+04
8.000000000000000000e+04
8.000000000000000000e+04
8.000000000000000000e+04
8.000000000000000000e+04
8.000000000000000000e+04
8.000000000000000000e+04
8.000000000000000000e+04
8.000000000000000000e+04
8.000000000000000000e+04
8.000000000000000000e+04
8.000000000000000000e+04
8.000000000000000000e+04
8.000000000000000000e+04
8.000000000000000000e+04
8.000000000000000000e+04
8.000000000000000000e+04
8.000000000000000000e+04
8.000000000000000000e+04
8.000000000000000000e+04
8.000000000000000000e+04
8.000000000000000000e+04
