7.999999978920229478e+04
7.999999902528130042e+04
7.999999576601495210e+04
7.999998272269757581e+04
7.999993376933048421e+04
7.999976149419698049e+04
7.999919314526866947e+04
7.999743582096685714e+04
7.999234477545080881e+04
7.997853039181424538e+04
7.994343511635615141e+04
7.986000056843629864e+04
7.967449156921518443e+04
7.928902422155249224e+04
7.854117242344880651e+04
7.718803624810192559e+04
7.490819144203342148e+04
7.133854187285678927e+04
6.615902932288721786e+04
5.922224208906562126e+04
5.069866484661668801e+04
4.118203777839145914e+04
3.169026547270353331e+04
2.352019823458589235e+04
1.796907299351397523e+04
1.600000000000000000e+04
1.796907299351397523e+04
2.352019823458589235e+04
3.169026547270353331e+04
4.118203777839145914e+04
5.069866484661668801e+04
5.922224208906562126e+04
6.615902932288721786e+04
7.133854187285678927e+04
7.490819144203342148e+04
7.718803624810192559e+04
7.854117242344880651e+04
7.928902422155249224e+04
7.967449156921518443e+04
7.986000056843629864e+04
7.994343511635615141e+04
7.997853039181424538e+04
7.999234477545080881e+04
7.999743582096685714e+04
7.999919314526866947e+04
7.999976149419698049e+04
7.999993376933048421e+04
7.999998272269757581e+04
7.999999576601495210e+04
7.999999902528130042e+04
7.999999978920229478e+04
7.999999902528130042e+04
7.999999576601495210e+04
7.999998272269757581e+04
7.999993376933048421e+04
7.999976149419698049e+04
7.999919314526866947e+04
7.999743582096685714e+04
7.999234477545080881e+04
7.997853039181424538e+04
7.994343511635615141e+04
7.986000056843629864e+04
7.967449156921518443e+04
7.928902422155249224e+04
7.854117242344880651e+04
7.718803624810192559e+04
7.490819144203342148e+04
7.133854187285678927e+04
6.615902932288721786e+04
5.922224208906562126e+04
5.069866484661668801e+04
4.118203777839145914e+04
3.169026547270353331e+04
2.352019823458589235e+04
1.796907299351397523e+04
1.600000000000000000e+04
1.796907299351397523e+04
2.352019823458589235e+04
3.169026547270353331e+04
4.118203777839145914e+04
5.069866484661668801e+04
5.922224208906562126e+04
6.615902932288721786e+04
7.133854187285678927e+04
7.490819144203342148e+04
7.718803624810192559e+04
7.854117242344880651e+04
7.928902422155249224e+04
7.967449156921518443e+04
7.986000056843629864e+04
7.994343511635615141e+04
7.997853039181424538e+04
7.999234477545080881e+04
7.999743582096685714e+04
7.999919314526866947e+04
7.999976149419698049e+04
7.999993376933048421e+04
7.999998272269757581e+04
7.999999576601495210e+04
7.999999902528130042e+04
