2.000000000000000000e+04
2.012566039883352641e+04
2.025130095443337632e+04
2.037690182669934438e+04
2.050244318179769471e+04
2.062790519529313315e+04
2.075326805527932811e+04
2.087851196550743043e+04
2.100361714851214856e+04
2.112856384873481511e+04
2.125333233564304101e+04
2.137790290684638239e+04
2.150225589120756922e+04
2.162637165194883710e+04
2.175023058975276217e+04
2.187381314585724613e+04
2.199709980514406925e+04
2.212007109922054588e+04
2.224270760949381292e+04
2.236498997023724587e+04
2.248689887164854736e+04
2.260841506289897006e+04
2.272951935517325182e+04
2.285019262469976093e+04
2.297041581577034958e+04
2.309016994374947535e+04
2.320943609807209577e+04
2.332819544522986689e+04
2.344642923174516909e+04
2.356411878713250553e+04
2.368124552684677838e+04
2.379779095521800991e+04
2.391373666837202472e+04
2.402906435713662722e+04
2.414375580993284166e+04
2.425779291565072708e+04
2.437115766650933074e+04
2.448383216090032147e+04
2.459579860621487751e+04
2.470703932165332662e+04
2.481753674101715296e+04
2.492727341548291588e+04
2.503623201635760779e+04
2.514439533781506543e+04
2.525174629961295796e+04
2.535826794978996622e+04
2.546394346734269129e+04
2.556875616488188098e+04
2.567268949126756343e+04
2.577572703422267659e+04
2.587785252292473160e+04
2.597904983057518984e+04
2.607930297694605542e+04
2.617859613090334460e+04
2.627691361290700297e+04
2.637423989748689564e+04
2.647055961569444116e+04
2.656585755752956538e+04
2.666011867434251690e+04
2.675332808121024573e+04
2.684547105928688688e+04
2.693653305812805047e+04
2.702649969798849270e+04
2.711535677209285132e+04
2.720309024887906708e+04
2.728968627421411657e+04
2.737513117358173622e+04
2.745941145424182105e+04
2.754251380736103602e+04
2.762442511011447641e+04
2.770513242775789331e+04
2.778462301567023678e+04
2.786288432136618940e+04
2.793990398647835173e+04
2.801566984870876331e+04
2.809016994374947535e+04
2.816339250717184041e+04
2.823532597628427538e+04
2.830595899195812672e+04
2.837528040042141583e+04
2.844327925502014841e+04
2.850994481794691819e+04
2.857526656193652161e+04
2.863923417192835041e+04
2.870183754669525661e+04
2.876306680043863525e+04
2.882291226434953205e+04
2.888136448813544484e+04
2.893841424151263709e+04
2.899405251566370862e+04
2.904827052466019813e+04
2.910105970684995555e+04
2.915241172620917496e+04
2.920231847365870271e+04
2.925077206834458048e+04
2.929776485888251409e+04
2.934328942456612276e+04
2.938733857653874293e+04
2.942990535892864500e+04
2.947098304994744103e+04
2.951056516295153415e+04
2.954864544746642787e+04
2.958521789017375704e+04
2.962027671586085853e+04
2.965381638833273610e+04
2.968583161128631036e+04
2.971631732914673921e+04
2.974526872786576860e+04
2.977268123568193550e+04
2.979855052384246665e+04
2.982287250728688377e+04
2.984564334529205371e+04
2.986685944207868306e+04
2.988651744737914123e+04
2.990461425696650986e+04
2.992114701314477861e+04
2.993611310520008556e+04
2.994951016981300199e+04
2.996133609143172362e+04
2.997158900260613882e+04
2.998026728428271599e+04
2.998736956606017338e+04
2.999289472640589156e+04
2.999684189283299929e+04
2.999921044203816200e+04
3.000000000000000000e+04
2.999921044203816200e+04
2.999684189283299929e+04
2.999289472640589156e+04
2.998736956606017338e+04
2.998026728428271599e+04
2.997158900260613882e+04
2.996133609143172362e+04
2.994951016981300199e+04
2.993611310520008556e+04
2.992114701314477861e+04
2.990461425696651349e+04
2.988651744737914123e+04
2.986685944207868306e+04
2.984564334529205371e+04
2.982287250728688741e+04
2.979855052384246665e+04
2.977268123568193550e+04
2.974526872786577223e+04
2.971631732914673921e+04
2.968583161128631036e+04
2.965381638833273610e+04
2.962027671586085853e+04
2.958521789017375704e+04
2.954864544746643151e+04
2.951056516295153415e+04
2.947098304994744103e+04
2.942990535892864500e+04
2.938733857653874293e+04
2.934328942456612276e+04
2.929776485888251409e+04
2.925077206834458048e+04
2.920231847365870635e+04
2.915241172620917496e+04
2.910105970684995555e+04
2.904827052466019813e+04
2.899405251566371226e+04
2.893841424151264073e+04
2.888136448813544848e+04
2.882291226434953569e+04
2.876306680043863889e+04
2.870183754669525661e+04
2.863923417192835404e+04
2.857526656193652161e+04
2.850994481794691819e+04
2.844327925502015205e+04
2.837528040042141947e+04
2.830595899195812672e+04
2.823532597628427538e+04
2.816339250717184041e+04
2.809016994374947535e+04
2.801566984870876331e+04
2.793990398647835536e+04
2.786288432136618940e+04
2.778462301567023678e+04
2.770513242775789331e+04
2.762442511011448005e+04
2.754251380736103965e+04
2.745941145424182105e+04
2.737513117358173986e+04
2.728968627421411657e+04
2.720309024887907071e+04
2.711535677209285495e+04
2.702649969798849270e+04
2.693653305812805047e+04
2.684547105928688688e+04
2.675332808121024573e+04
2.666011867434251690e+04
2.656585755752956902e+04
2.647055961569444480e+04
2.637423989748689928e+04
2.627691361290700661e+04
2.617859613090334460e+04
2.607930297694605542e+04
2.597904983057518984e+04
2.587785252292473160e+04
2.577572703422267659e+04
2.567268949126756706e+04
2.556875616488188098e+04
2.546394346734269129e+04
2.535826794978996622e+04
2.525174629961296159e+04
2.514439533781506543e+04
2.503623201635760779e+04
2.492727341548291588e+04
2.481753674101715660e+04
2.470703932165332662e+04
2.459579860621488115e+04
2.448383216090032511e+04
2.437115766650933074e+04
2.425779291565073072e+04
2.414375580993284530e+04
2.402906435713662722e+04
2.391373666837202836e+04
2.379779095521801355e+04
2.368124552684678201e+04
2.356411878713250917e+04
2.344642923174517637e+04
2.332819544522987053e+04
2.320943609807209577e+04
2.309016994374947535e+04
2.297041581577034958e+04
2.285019262469976456e+04
2.272951935517325546e+04
2.260841506289897006e+04
2.248689887164854736e+04
2.236498997023724951e+04
2.224270760949381292e+04
2.212007109922054951e+04
2.199709980514406925e+04
2.187381314585724976e+04
2.175023058975276217e+04
2.162637165194883710e+04
2.150225589120757286e+04
2.137790290684638603e+04
2.125333233564304464e+04
2.112856384873481875e+04
2.100361714851214856e+04
2.087851196550743771e+04
2.075326805527933175e+04
2.062790519529313679e+04
2.050244318179769834e+04
2.037690182669934802e+04
2.025130095443337632e+04
2.012566039883353005e+04
2.000000000000000000e+04
1.987433960116647359e+04
1.974869904556662732e+04
1.962309817330065562e+04
1.949755681820230529e+04
1.937209480470686685e+04
1.924673194472067553e+04
1.912148803449256957e+04
1.899638285148785144e+04
1.887143615126518489e+04
1.874666766435696263e+04
1.862209709315362124e+04
1.849774410879243078e+04
1.837362834805116290e+04
1.824976941024724510e+04
1.812618685414275751e+04
1.800290019485593075e+04
1.787992890077945412e+04
1.775729239050619071e+04
1.763501002976275777e+04
1.751310112835145264e+04
1.739158493710103357e+04
1.727048064482675181e+04
1.714980737530024271e+04
1.702958418422965406e+04
1.690983005625052829e+04
1.679056390192791150e+04
1.667180455477013675e+04
1.655357076825483091e+04
1.643588121286749447e+04
1.631875447315322162e+04
1.620220904478199373e+04
1.608626333162797891e+04
1.597093564286337460e+04
1.585624419006715834e+04
1.574220708434927656e+04
1.562884233349067290e+04
1.551616783909967853e+04
1.540420139378512249e+04
1.529296067834667701e+04
1.518246325898285068e+04
1.507272658451708594e+04
1.496376798364239221e+04
1.485560466218493821e+04
1.474825370038704568e+04
1.464173205021003560e+04
1.453605653265730871e+04
1.443124383511812266e+04
1.432731050873243839e+04
1.422427296577732704e+04
1.412214747707526840e+04
1.402095016942481379e+04
1.392069702305394821e+04
1.382140386909665904e+04
1.372308638709299703e+04
1.362576010251310800e+04
1.352944038430555884e+04
1.343414244247043825e+04
1.333988132565748674e+04
1.324667191878975609e+04
1.315452894071311675e+04
1.306346694187195317e+04
1.297350030201150912e+04
1.288464322790714868e+04
1.279690975112093292e+04
1.271031372578588707e+04
1.262486882641826378e+04
1.254058854575817895e+04
1.245748619263896398e+04
1.237557488988551995e+04
1.229486757224211215e+04
1.221537698432977049e+04
1.213711567863381424e+04
1.206009601352164827e+04
1.198433015129123669e+04
1.190983005625052647e+04
1.183660749282815959e+04
1.176467402371572462e+04
1.169404100804187692e+04
1.162471959957858599e+04
1.155672074497985159e+04
1.149005518205308363e+04
1.142473343806347839e+04
1.136076582807164777e+04
1.129816245330474339e+04
1.123693319956136475e+04
1.117708773565046613e+04
1.111863551186455697e+04
1.106158575848736473e+04
1.100594748433629138e+04
1.095172947533980732e+04
1.089894029315004445e+04
1.084758827379082504e+04
1.079768152634129547e+04
1.074922793165541952e+04
1.070223514111748955e+04
1.065671057543388270e+04
1.061266142346126071e+04
1.057009464107135682e+04
1.052901695005255715e+04
1.048943483704846403e+04
1.045135455253357031e+04
1.041478210982624114e+04
1.037972328413914329e+04
1.034618361166726208e+04
1.031416838871368964e+04
1.028368267085326079e+04
1.025473127213422958e+04
1.022731876431806631e+04
1.020144947615753154e+04
1.017712749271311259e+04
1.015435665470794811e+04
1.013314055792132058e+04
1.011348255262086059e+04
1.009538574303348832e+04
1.007885298685522321e+04
1.006388689479991626e+04
1.005048983018699801e+04
1.003866390856827456e+04
1.002841099739386118e+04
1.001973271571728401e+04
1.001263043393982480e+04
1.000710527359410844e+04
1.000315810716700071e+04
1.000078955796183800e+04
1.000000000000000000e+04
1.000078955796183800e+04
1.000315810716700071e+04
1.000710527359410662e+04
1.001263043393982480e+04
1.001973271571728401e+04
1.002841099739386118e+04
1.003866390856827456e+04
1.005048983018699801e+04
1.006388689479991626e+04
1.007885298685522139e+04
1.009538574303348651e+04
1.011348255262085877e+04
1.013314055792131876e+04
1.015435665470794629e+04
1.017712749271311259e+04
1.020144947615752972e+04
1.022731876431806450e+04
1.025473127213422958e+04
1.028368267085326079e+04
1.031416838871368782e+04
1.034618361166726027e+04
1.037972328413913965e+04
1.041478210982623932e+04
1.045135455253356849e+04
1.048943483704846403e+04
1.052901695005255715e+04
1.057009464107135500e+04
1.061266142346125525e+04
1.065671057543387724e+04
1.070223514111748409e+04
1.074922793165541771e+04
1.079768152634129547e+04
1.084758827379082322e+04
1.089894029315004263e+04
1.095172947533980368e+04
1.100594748433628592e+04
1.106158575848735927e+04
1.111863551186455152e+04
1.117708773565046431e+04
1.123693319956136111e+04
1.129816245330474158e+04
1.136076582807164596e+04
1.142473343806347657e+04
1.149005518205308181e+04
1.155672074497984431e+04
1.162471959957857871e+04
1.169404100804187146e+04
1.176467402371572280e+04
1.183660749282815959e+04
1.190983005625052465e+04
1.198433015129123305e+04
1.206009601352164827e+04
1.213711567863380697e+04
1.221537698432976140e+04
1.229486757224210305e+04
1.237557488988551995e+04
1.245748619263896035e+04
1.254058854575817713e+04
1.262486882641826014e+04
1.271031372578588343e+04
1.279690975112092565e+04
1.288464322790714141e+04
1.297350030201150366e+04
1.306346694187194589e+04
1.315452894071310948e+04
1.324667191878975427e+04
1.333988132565748310e+04
1.343414244247043462e+04
1.352944038430554974e+04
1.362576010251309708e+04
1.372308638709298975e+04
1.382140386909665176e+04
1.392069702305394276e+04
1.402095016942480834e+04
1.412214747707526658e+04
1.422427296577732341e+04
1.432731050873243476e+04
1.443124383511811357e+04
1.453605653265730325e+04
1.464173205021003014e+04
1.474825370038703841e+04
1.485560466218493275e+04
1.496376798364238857e+04
1.507272658451708412e+04
1.518246325898284704e+04
1.529296067834666610e+04
1.540420139378511521e+04
1.551616783909967126e+04
1.562884233349066562e+04
1.574220708434926928e+04
1.585624419006715470e+04
1.597093564286337096e+04
1.608626333162797528e+04
1.620220904478198099e+04
1.631875447315321253e+04
1.643588121286748719e+04
1.655357076825482363e+04
1.667180455477012947e+04
1.679056390192790059e+04
1.690983005625052465e+04
1.702958418422965042e+04
1.714980737530023907e+04
1.727048064482674090e+04
1.739158493710102266e+04
1.751310112835144537e+04
1.763501002976275049e+04
1.775729239050618344e+04
1.787992890077945049e+04
1.800290019485592711e+04
1.812618685414275387e+04
1.824976941024723055e+04
1.837362834805115563e+04
1.849774410879242350e+04
1.862209709315361397e+04
1.874666766435695172e+04
1.887143615126518125e+04
1.899638285148784780e+04
1.912148803449256593e+04
1.924673194472066461e+04
1.937209480470685958e+04
1.949755681820229802e+04
1.962309817330064834e+04
1.974869904556662004e+04
1.987433960116646995e+04
